0 1 0.719271 0.767130 0.027083 0.026852
0 2 0.622656 0.791667 0.024479 0.025926
0 3 0.537240 0.756944 0.024479 0.028704
0 4 0.422396 0.670370 0.019792 0.024074
0 5 0.686198 0.776852 0.044271 0.033333
0 6 0.665104 0.724537 0.030208 0.021296
0 7 0.086979 0.455093 0.019792 0.032407
0 8 0.299479 0.538426 0.015625 0.015741
0 9 0.408073 0.573148 0.023438 0.022222
0 10 0.086198 0.412037 0.010937 0.018519
0 11 0.147396 0.422222 0.012500 0.014815
0 12 0.203385 0.457407 0.009896 0.012963
0 14 0.385937 0.519444 0.008333 0.009259
0 16 0.799219 0.671296 0.066146 0.046296
0 17 0.345052 0.468519 0.038021 0.042593
0 18 0.269531 0.427315 0.046354 0.032407
0 20 0.860417 0.768056 0.042708 0.047222
0 21 0.922396 0.767130 0.035417 0.030556
0 22 0.974479 0.748148 0.027083 0.018519
0 23 0.596094 0.625926 0.025521 0.025926
0 24 0.099219 0.349074 0.030729 0.033333
0 25 0.129427 0.350463 0.030729 0.026852
0 26 0.214323 0.374537 0.026562 0.025000
0 27 0.244271 0.401389 0.028125 0.028704
