0 1 0.676302 0.751389 0.021354 0.021296
0 2 0.602083 0.778241 0.021875 0.023148
0 3 0.500521 0.731481 0.021875 0.025926
0 4 0.378646 0.641204 0.014583 0.017593
0 5 0.709896 0.805556 0.047917 0.037037
0 6 0.630208 0.720370 0.026042 0.018519
0 7 0.068229 0.431481 0.018750 0.029630
0 8 0.275000 0.525000 0.014583 0.014815
0 9 0.376302 0.559259 0.021354 0.020370
0 10 0.071615 0.396296 0.010937 0.018519
0 11 0.132031 0.407407 0.011979 0.014815
0 12 0.188281 0.447685 0.008854 0.012037
0 14 0.406510 0.533796 0.008854 0.010185
0 16 0.821094 0.688426 0.070312 0.049074
0 17 0.345313 0.467130 0.039583 0.043519
0 18 0.268490 0.424074 0.047396 0.033333
0 20 0.811979 0.791204 0.046875 0.050926
0 21 0.892188 0.800000 0.043750 0.037037
0 22 0.977865 0.787037 0.031771 0.022222
0 23 0.582292 0.630556 0.022917 0.024074
0 24 0.099479 0.342593 0.032292 0.035185
0 25 0.127865 0.343519 0.031771 0.027778
0 26 0.213542 0.368056 0.027083 0.025000
0 27 0.243490 0.396296 0.028646 0.029630
