0 1 0.936198 0.829167 0.030729 0.030556
0 2 0.836719 0.895370 0.042188 0.044444
0 3 0.723958 0.871296 0.034375 0.040741
0 4 0.651302 0.801852 0.033854 0.040741
0 5 0.653646 0.717593 0.036458 0.027778
0 6 0.804427 0.703241 0.032813 0.023148
0 7 0.213542 0.543519 0.025000 0.040741
0 8 0.425260 0.581944 0.019271 0.019444
0 9 0.565365 0.615741 0.029687 0.027778
0 10 0.193490 0.462963 0.011979 0.020370
0 11 0.264583 0.470370 0.016667 0.020370
0 12 0.301823 0.486574 0.011979 0.015741
0 13 0.083594 0.385185 0.018229 0.024074
0 14 0.360417 0.482870 0.010417 0.012037
0 15 0.945312 0.771296 0.133333 0.114815
0 16 0.773958 0.629167 0.054167 0.037963
0 17 0.384375 0.468056 0.034375 0.037963
0 18 0.314844 0.433333 0.042188 0.029630
0 19 0.623958 0.528704 0.022917 0.011111
0 20 0.945312 0.669907 0.030208 0.021296
0 24 0.152865 0.365741 0.021354 0.024074
0 25 0.181250 0.366204 0.029167 0.025000
0 26 0.260937 0.388426 0.023958 0.023148
0 27 0.290625 0.411574 0.026042 0.026852
