0 1 0.968229 0.833333 0.033333 0.033333
0 2 0.891927 0.925000 0.042188 0.044444
0 3 0.765625 0.900926 0.037500 0.044444
0 4 0.707031 0.839815 0.036979 0.044444
0 5 0.658854 0.712500 0.030208 0.023148
0 6 0.816406 0.690741 0.033854 0.024074
0 7 0.237500 0.566204 0.028125 0.045370
0 8 0.447917 0.592130 0.020833 0.021296
0 9 0.593490 0.625926 0.027604 0.025926
0 10 0.214062 0.474537 0.012500 0.021296
0 11 0.288802 0.481944 0.017188 0.021296
0 12 0.319271 0.492593 0.012500 0.016667
0 13 0.103385 0.393519 0.018229 0.024074
0 14 0.355990 0.478241 0.011979 0.013889
0 15 0.939844 0.759259 0.140104 0.120370
0 16 0.768490 0.623148 0.052604 0.037037
0 17 0.390365 0.468519 0.033854 0.037037
0 18 0.321875 0.434722 0.041667 0.028704
0 19 0.611979 0.526852 0.022917 0.011111
0 24 0.159635 0.368981 0.022396 0.025000
0 25 0.188802 0.369907 0.028646 0.025000
0 26 0.267969 0.390741 0.023438 0.022222
0 27 0.297135 0.413889 0.025521 0.025926
