0 1 0.957031 0.831944 0.032813 0.032407
0 2 0.871354 0.913889 0.041667 0.044444
0 3 0.748958 0.889815 0.035417 0.042593
0 4 0.684375 0.823611 0.036458 0.043519
0 5 0.656250 0.714815 0.033333 0.025926
0 6 0.813021 0.695833 0.033333 0.023148
0 7 0.229167 0.556944 0.027083 0.043519
0 8 0.439063 0.587963 0.019792 0.020370
0 9 0.582812 0.621296 0.028125 0.025926
0 10 0.206250 0.469907 0.012500 0.021296
0 11 0.279948 0.477315 0.017188 0.021296
0 12 0.312760 0.490741 0.011979 0.016667
0 13 0.095833 0.389815 0.018750 0.024074
0 14 0.358073 0.480093 0.011979 0.013889
0 15 0.944010 0.765741 0.140104 0.120370
0 16 0.770833 0.625000 0.053125 0.037037
0 17 0.388281 0.468056 0.033854 0.037963
0 18 0.319271 0.433796 0.041667 0.028704
0 19 0.617188 0.527778 0.022917 0.011111
0 24 0.156771 0.368056 0.022917 0.025000
0 25 0.186198 0.368981 0.028646 0.025000
0 26 0.265625 0.389815 0.023958 0.022222
0 27 0.294792 0.412963 0.026042 0.025926
