0 1 0.944010 0.830556 0.031771 0.031481
0 2 0.850000 0.902315 0.042708 0.045370
0 3 0.733333 0.877778 0.034375 0.040741
0 4 0.664062 0.810185 0.035417 0.042593
0 5 0.654167 0.716204 0.035417 0.026852
0 6 0.808073 0.700463 0.032813 0.023148
0 7 0.219271 0.547685 0.026042 0.041667
0 8 0.430469 0.583796 0.019271 0.019444
0 9 0.572135 0.618519 0.029687 0.027778
0 10 0.198177 0.465741 0.011979 0.020370
0 11 0.270052 0.473611 0.017188 0.021296
0 12 0.305990 0.488889 0.011979 0.016667
0 13 0.088281 0.387037 0.018229 0.024074
0 14 0.359635 0.481481 0.010937 0.012963
0 15 0.943229 0.769444 0.133333 0.114815
0 16 0.772656 0.627315 0.053646 0.037963
0 17 0.385937 0.468056 0.034375 0.037963
0 18 0.316927 0.434259 0.042188 0.029630
0 19 0.621354 0.528704 0.022917 0.011111
0 20 0.943229 0.668519 0.023958 0.016667
0 24 0.154427 0.366667 0.021354 0.024074
0 25 0.183073 0.367130 0.028646 0.025000
0 26 0.262500 0.389352 0.023958 0.023148
0 27 0.292187 0.412500 0.026042 0.026852
