0 1 0.959635 0.831944 0.032813 0.032407
0 2 0.875781 0.915741 0.042188 0.044444
0 3 0.752344 0.891667 0.035937 0.042593
0 4 0.689323 0.827778 0.035937 0.042593
0 5 0.656771 0.714352 0.032292 0.025000
0 6 0.813542 0.694907 0.035417 0.025000
0 7 0.230729 0.558796 0.027083 0.043519
0 8 0.440885 0.588889 0.020313 0.020370
0 9 0.584635 0.622222 0.027604 0.025926
0 10 0.207552 0.470370 0.011979 0.020370
0 11 0.281510 0.478241 0.017188 0.021296
0 12 0.314323 0.491667 0.011979 0.016667
0 13 0.097396 0.390741 0.018750 0.024074
0 14 0.358073 0.479167 0.011979 0.013889
0 15 0.932813 0.764815 0.133333 0.114815
0 16 0.770312 0.625000 0.053125 0.037037
0 17 0.388802 0.468056 0.033854 0.037963
0 18 0.319792 0.433796 0.041667 0.028704
0 19 0.616146 0.527778 0.022917 0.011111
0 24 0.157292 0.368056 0.022917 0.025000
0 25 0.186719 0.368981 0.028646 0.025000
0 26 0.266146 0.389815 0.023958 0.022222
0 27 0.295312 0.412963 0.026042 0.025926
