0 1 0.646615 0.735648 0.020313 0.019444
0 2 0.584375 0.768056 0.019792 0.021296
0 3 0.471094 0.707870 0.021354 0.025000
0 4 0.339062 0.617593 0.015625 0.018519
0 5 0.722656 0.831019 0.047396 0.036111
0 6 0.596094 0.713426 0.024479 0.017593
0 7 0.050000 0.414352 0.017708 0.028704
0 8 0.252344 0.512500 0.014063 0.013889
0 9 0.348438 0.546296 0.019792 0.018519
0 10 0.056771 0.383333 0.010417 0.018519
0 11 0.117188 0.393981 0.011458 0.013889
0 12 0.173177 0.437963 0.008854 0.011111
0 14 0.423958 0.547222 0.009375 0.011111
0 16 0.837500 0.704167 0.075000 0.052778
0 17 0.342448 0.466667 0.040104 0.044444
0 18 0.263802 0.420833 0.048438 0.034259
0 20 0.760677 0.799537 0.046354 0.050926
0 21 0.852865 0.818056 0.047396 0.039815
0 22 0.966667 0.823611 0.039583 0.026852
0 23 0.567969 0.627315 0.019271 0.019444
0 24 0.096875 0.336111 0.033333 0.037037
0 25 0.122917 0.337037 0.032292 0.027778
0 26 0.209635 0.362963 0.027604 0.025926
0 27 0.239583 0.391667 0.029167 0.029630
