0 1 0.934115 0.829167 0.030729 0.030556
0 2 0.832292 0.893519 0.041667 0.044444
0 3 0.720833 0.869444 0.034375 0.040741
0 4 0.647656 0.799074 0.033854 0.040741
0 5 0.654167 0.718056 0.037500 0.028704
0 6 0.803125 0.704167 0.033333 0.023148
0 7 0.211979 0.541204 0.025000 0.039815
0 8 0.423438 0.581019 0.018750 0.019444
0 9 0.563021 0.614815 0.030208 0.027778
0 10 0.191927 0.462037 0.011979 0.020370
0 11 0.263021 0.470370 0.016667 0.020370
0 12 0.300781 0.486574 0.011979 0.015741
0 13 0.081510 0.385185 0.018229 0.024074
0 14 0.360938 0.482870 0.010417 0.012037
0 15 0.944792 0.771296 0.133333 0.114815
0 16 0.774479 0.629167 0.054167 0.037963
0 17 0.384375 0.468056 0.034375 0.037963
0 18 0.314323 0.433333 0.042188 0.029630
0 19 0.624219 0.528704 0.022396 0.011111
0 20 0.945312 0.670833 0.030208 0.021296
0 24 0.150000 0.365278 0.025000 0.026852
0 25 0.180729 0.366204 0.029167 0.025000
0 26 0.260417 0.388426 0.023958 0.023148
0 27 0.290104 0.411111 0.026042 0.025926
