0 1 0.662500 0.744907 0.019792 0.019444
0 2 0.594531 0.773611 0.020313 0.021296
0 3 0.486719 0.719907 0.021354 0.025000
0 4 0.359896 0.629167 0.014583 0.017593
0 5 0.717448 0.817130 0.049479 0.037963
0 6 0.614844 0.717130 0.025521 0.017593
0 7 0.059896 0.422685 0.017708 0.028704
0 8 0.264323 0.519444 0.014063 0.014815
0 9 0.363281 0.553241 0.020313 0.019444
0 10 0.065625 0.390278 0.011458 0.019444
0 11 0.125521 0.400463 0.011458 0.013889
0 12 0.182031 0.443056 0.008854 0.012037
0 14 0.415625 0.540741 0.009375 0.011111
0 16 0.830729 0.695833 0.072917 0.050926
0 17 0.344792 0.466667 0.039583 0.044444
0 18 0.267188 0.422222 0.047917 0.033333
0 20 0.787760 0.796296 0.047396 0.051852
0 21 0.874479 0.810185 0.045833 0.038889
0 22 0.975000 0.805556 0.034375 0.024074
0 23 0.575781 0.629167 0.020313 0.021296
0 24 0.099219 0.339352 0.032813 0.036111
0 25 0.126562 0.340741 0.032292 0.027778
0 26 0.212500 0.365741 0.027083 0.025926
0 27 0.242708 0.394444 0.029167 0.029630
