0 1 0.658333 0.742130 0.019792 0.019444
0 2 0.591667 0.771759 0.019792 0.021296
0 3 0.482552 0.716204 0.021354 0.025000
0 4 0.354427 0.625000 0.014063 0.016667
0 5 0.719271 0.821759 0.048958 0.037963
0 6 0.609375 0.715278 0.025000 0.017593
0 7 0.057292 0.419907 0.017708 0.028704
0 8 0.261198 0.517593 0.014063 0.014815
0 9 0.359635 0.550926 0.020313 0.018519
0 10 0.063542 0.388426 0.011458 0.019444
0 11 0.123958 0.398611 0.011458 0.013889
0 12 0.179427 0.441204 0.008854 0.012037
0 14 0.418229 0.542593 0.009375 0.011111
0 16 0.832552 0.698148 0.073438 0.051852
0 17 0.344531 0.466667 0.040104 0.044444
0 18 0.266927 0.421296 0.048438 0.033333
0 20 0.779948 0.798148 0.047396 0.051852
0 21 0.868750 0.813426 0.046875 0.039815
0 22 0.973177 0.810648 0.035937 0.025000
0 23 0.573438 0.628704 0.019792 0.020370
0 24 0.098958 0.337963 0.033333 0.037037
0 25 0.126042 0.339815 0.032292 0.027778
0 26 0.211979 0.364815 0.027083 0.025926
0 27 0.241927 0.393519 0.028646 0.029630
