0 1 0.980990 0.834259 0.033854 0.033333
0 2 0.914844 0.940278 0.042188 0.045370
0 3 0.785156 0.914815 0.039062 0.046296
0 4 0.733854 0.856019 0.039583 0.047222
0 5 0.661979 0.709259 0.027083 0.020370
0 6 0.821094 0.684722 0.032813 0.023148
0 7 0.247656 0.577778 0.028646 0.046296
0 8 0.456771 0.595833 0.020833 0.021296
0 9 0.605729 0.629630 0.029167 0.027778
0 10 0.222917 0.480093 0.012500 0.021296
0 11 0.299219 0.487037 0.018229 0.022222
0 12 0.326562 0.496296 0.012500 0.016667
0 13 0.110677 0.396296 0.017188 0.022222
0 14 0.353385 0.475463 0.011979 0.013889
0 15 0.929427 0.754630 0.140104 0.120370
0 16 0.765365 0.619907 0.051562 0.036111
0 17 0.391667 0.468519 0.033333 0.037037
0 18 0.323698 0.435648 0.041146 0.028704
0 19 0.605469 0.525926 0.022396 0.011111
0 24 0.162500 0.371296 0.021875 0.024074
0 25 0.191406 0.371759 0.028646 0.025000
0 26 0.270052 0.392593 0.023438 0.022222
0 27 0.299219 0.414815 0.025521 0.025926
