0 1 0.705469 0.763889 0.024479 0.024074
0 2 0.615625 0.787500 0.022917 0.025000
0 3 0.526042 0.749074 0.023958 0.027778
0 4 0.408594 0.661111 0.018229 0.022222
0 5 0.694010 0.785185 0.046354 0.035185
0 6 0.654948 0.724537 0.029687 0.021296
0 7 0.080990 0.448148 0.019271 0.031481
0 8 0.291927 0.534722 0.015104 0.015741
0 9 0.398177 0.568981 0.022396 0.021296
0 10 0.081250 0.407870 0.011458 0.019444
0 11 0.142187 0.417593 0.012500 0.014815
0 12 0.198437 0.455556 0.009375 0.012963
0 14 0.391146 0.523611 0.008333 0.010185
0 16 0.805469 0.676389 0.067187 0.047222
0 17 0.344792 0.467593 0.038542 0.042593
0 18 0.269271 0.426389 0.046875 0.032407
0 20 0.847656 0.775000 0.044271 0.048148
0 21 0.915885 0.777315 0.038021 0.032407
0 22 0.977083 0.758333 0.029167 0.020370
0 23 0.593490 0.627778 0.025521 0.025926
0 24 0.099219 0.347222 0.030729 0.033333
0 25 0.128385 0.349537 0.030729 0.026852
0 26 0.213802 0.372685 0.026562 0.025000
0 27 0.243750 0.399537 0.028125 0.028704
