0 1 0.842187 0.807870 0.027083 0.026852
0 2 0.715885 0.837963 0.029687 0.031481
0 3 0.630990 0.813889 0.028646 0.033333
0 4 0.539583 0.732407 0.026042 0.031481
0 5 0.663542 0.737500 0.039583 0.030556
0 6 0.748177 0.724537 0.034896 0.025000
0 7 0.154948 0.497685 0.022396 0.036111
0 8 0.369792 0.560648 0.018750 0.019444
0 9 0.492188 0.595370 0.026042 0.024074
0 10 0.143490 0.437963 0.011979 0.020370
0 11 0.207552 0.447685 0.014063 0.017593
0 12 0.258333 0.473148 0.011458 0.014815
0 13 0.032552 0.367593 0.017188 0.022222
0 14 0.371875 0.496759 0.009375 0.010185
0 15 0.958594 0.805556 0.099479 0.085185
0 16 0.785937 0.647685 0.059375 0.041667
0 17 0.367969 0.468056 0.035937 0.039815
0 18 0.295833 0.430093 0.043750 0.030556
0 19 0.634375 0.533333 0.018750 0.009259
0 20 0.931771 0.711111 0.038542 0.027778
0 21 0.956510 0.714352 0.024479 0.021296
0 22 0.976823 0.702778 0.026562 0.018519
0 23 0.614323 0.610185 0.010937 0.011111
0 24 0.127344 0.357870 0.027604 0.030556
0 25 0.159375 0.359259 0.029167 0.025926
0 26 0.241146 0.382407 0.025000 0.024074
0 27 0.271094 0.406019 0.026562 0.026852
