0 1 0.651302 0.738426 0.020313 0.019444
0 2 0.587500 0.768981 0.019792 0.021296
0 3 0.475781 0.711574 0.021354 0.025000
0 4 0.345313 0.619907 0.014583 0.017593
0 5 0.721354 0.825926 0.048958 0.037037
0 6 0.601823 0.714352 0.024479 0.017593
0 7 0.053125 0.416204 0.017708 0.028704
0 8 0.255990 0.514815 0.014063 0.014815
0 9 0.352865 0.548148 0.020313 0.018519
0 10 0.059896 0.384722 0.010417 0.017593
0 11 0.120573 0.396296 0.011979 0.014815
0 12 0.175781 0.438889 0.008854 0.011111
0 14 0.421875 0.545370 0.009375 0.011111
0 16 0.836198 0.700926 0.074479 0.051852
0 17 0.343490 0.466667 0.040104 0.044444
0 18 0.265365 0.421296 0.048438 0.033333
0 20 0.768750 0.799074 0.046875 0.051852
0 21 0.859115 0.816204 0.047396 0.039815
0 22 0.969531 0.818519 0.038021 0.025926
0 23 0.570312 0.627315 0.018750 0.019444
0 24 0.097917 0.337037 0.033333 0.037037
0 25 0.123958 0.338426 0.032292 0.028704
0 26 0.210417 0.363889 0.027083 0.025926
0 27 0.240625 0.392593 0.029167 0.029630
