0 1 0.653646 0.739352 0.019792 0.019444
0 2 0.589063 0.769907 0.019792 0.021296
0 3 0.478385 0.713426 0.021354 0.025000
0 4 0.348438 0.621759 0.014583 0.017593
0 5 0.720833 0.824537 0.048958 0.037963
0 6 0.604688 0.714352 0.025000 0.017593
0 7 0.054688 0.417130 0.017708 0.028704
0 8 0.257552 0.515278 0.014063 0.013889
0 9 0.354948 0.549537 0.020313 0.019444
0 10 0.060677 0.386111 0.010937 0.018519
0 11 0.121354 0.396759 0.011458 0.013889
0 12 0.176823 0.440278 0.008854 0.012037
0 14 0.420833 0.544444 0.009375 0.011111
0 16 0.834896 0.700000 0.073958 0.051852
0 17 0.344010 0.466667 0.040104 0.044444
0 18 0.265885 0.421296 0.048438 0.033333
0 20 0.772396 0.799074 0.046875 0.051852
0 21 0.862760 0.815278 0.047396 0.039815
0 22 0.971094 0.815741 0.036979 0.025926
0 23 0.571354 0.628241 0.018750 0.019444
0 24 0.098437 0.337963 0.033333 0.037037
0 25 0.124740 0.339352 0.032813 0.028704
0 26 0.210938 0.364815 0.027083 0.025926
0 27 0.240885 0.392130 0.028646 0.028704
