0 1 0.702865 0.762963 0.024479 0.024074
0 2 0.614583 0.787037 0.022917 0.024074
0 3 0.524219 0.748148 0.023438 0.027778
0 4 0.405990 0.660185 0.018229 0.022222
0 5 0.695573 0.787500 0.046354 0.036111
0 6 0.652865 0.724074 0.028646 0.020370
0 7 0.079948 0.446296 0.019271 0.031481
0 8 0.290365 0.533796 0.015104 0.015741
0 9 0.396615 0.567593 0.022396 0.020370
0 10 0.080729 0.406944 0.011458 0.019444
0 11 0.140885 0.416667 0.011979 0.014815
0 12 0.197396 0.454630 0.009375 0.012963
0 14 0.392448 0.524537 0.008854 0.010185
0 16 0.806510 0.677315 0.067187 0.047222
0 17 0.344792 0.467593 0.038542 0.042593
0 18 0.268750 0.426389 0.046875 0.032407
0 20 0.845052 0.776852 0.044271 0.048148
0 21 0.914062 0.778241 0.038542 0.032407
0 22 0.976823 0.761111 0.029687 0.020370
0 23 0.592969 0.628241 0.025521 0.026852
0 24 0.099219 0.347222 0.030729 0.033333
0 25 0.128385 0.348611 0.030729 0.026852
0 26 0.213802 0.372685 0.026562 0.025000
0 27 0.243750 0.399537 0.028125 0.028704
