0 1 0.700000 0.762037 0.023958 0.024074
0 2 0.613021 0.786111 0.022917 0.024074
0 3 0.521615 0.746296 0.023438 0.027778
0 4 0.403906 0.658333 0.018229 0.022222
0 5 0.696875 0.788426 0.046875 0.036111
0 6 0.650781 0.723148 0.028646 0.020370
0 7 0.078906 0.445370 0.019271 0.031481
0 8 0.289323 0.533796 0.015104 0.015741
0 9 0.394271 0.566667 0.021875 0.020370
0 10 0.079427 0.405556 0.010937 0.018519
0 11 0.139844 0.415741 0.011979 0.014815
0 12 0.196354 0.453704 0.009375 0.012963
0 14 0.394010 0.525463 0.008854 0.010185
0 16 0.807813 0.677315 0.067708 0.047222
0 17 0.344792 0.467593 0.038542 0.042593
0 18 0.268750 0.425463 0.046875 0.032407
0 20 0.842187 0.778241 0.044792 0.049074
0 21 0.912760 0.780556 0.039062 0.033333
0 22 0.977344 0.762963 0.029687 0.020370
0 23 0.591927 0.628704 0.026562 0.027778
0 24 0.098958 0.346759 0.031250 0.034259
0 25 0.128385 0.348611 0.030729 0.026852
0 26 0.213802 0.371759 0.026562 0.025000
0 27 0.244010 0.398611 0.028646 0.028704
