0 1 0.877083 0.818056 0.027083 0.026852
0 2 0.751823 0.855093 0.032813 0.034259
0 3 0.662240 0.831944 0.030729 0.036111
0 4 0.576042 0.753241 0.028125 0.034259
0 5 0.663542 0.730556 0.040625 0.031481
0 6 0.772656 0.722685 0.034896 0.025000
0 7 0.177344 0.510648 0.022396 0.036111
0 8 0.391146 0.567593 0.018750 0.018519
0 9 0.518490 0.602778 0.027604 0.025926
0 10 0.163542 0.445370 0.011458 0.020370
0 11 0.229427 0.454630 0.015104 0.018519
0 12 0.276823 0.477315 0.011979 0.015741
0 13 0.053646 0.374537 0.017708 0.023148
0 14 0.371875 0.492593 0.009375 0.011111
0 15 0.958594 0.796759 0.104688 0.089815
0 16 0.786458 0.643056 0.057292 0.039815
0 17 0.377604 0.468056 0.035417 0.039815
0 18 0.306510 0.431944 0.043229 0.030556
0 19 0.636979 0.533333 0.018750 0.009259
0 20 0.942187 0.699537 0.035417 0.025000
0 21 0.964583 0.703241 0.022917 0.019444
0 23 0.615104 0.601852 0.014583 0.014815
0 24 0.139844 0.360648 0.026562 0.028704
0 25 0.170833 0.362037 0.029167 0.025926
0 26 0.252083 0.383796 0.025000 0.023148
0 27 0.281510 0.407870 0.026562 0.026852
