0 1 0.974479 0.833796 0.034375 0.034259
0 2 0.903646 0.933333 0.041667 0.044444
0 3 0.775521 0.907870 0.038542 0.045370
0 4 0.720313 0.848148 0.038542 0.046296
0 5 0.660677 0.711111 0.028646 0.022222
0 6 0.818750 0.687500 0.033333 0.023148
0 7 0.242708 0.571759 0.028125 0.045370
0 8 0.452604 0.593981 0.020833 0.021296
0 9 0.599740 0.627778 0.027604 0.025926
0 10 0.218750 0.477315 0.012500 0.021296
0 11 0.294271 0.484722 0.017708 0.021296
0 12 0.322917 0.494444 0.012500 0.016667
0 13 0.107292 0.394907 0.017708 0.023148
0 14 0.354948 0.477315 0.011979 0.013889
0 15 0.929427 0.758333 0.140104 0.120370
0 16 0.767188 0.620833 0.052083 0.036111
0 17 0.391146 0.468519 0.033333 0.037037
0 18 0.322656 0.435648 0.041146 0.028704
0 19 0.608594 0.526852 0.022396 0.011111
0 24 0.161198 0.369907 0.022396 0.025000
0 25 0.190365 0.370833 0.028646 0.025000
0 26 0.269010 0.391667 0.023438 0.022222
0 27 0.298177 0.413889 0.025521 0.025926
