0 1 0.692187 0.759259 0.022917 0.022222
0 2 0.609635 0.784259 0.022396 0.024074
0 3 0.515365 0.741667 0.023438 0.027778
0 4 0.396354 0.652315 0.017708 0.021296
0 5 0.700781 0.793981 0.047396 0.036111
0 6 0.644531 0.722685 0.027604 0.019444
0 7 0.075000 0.441204 0.018750 0.030556
0 8 0.284896 0.530556 0.014583 0.014815
0 9 0.388802 0.564815 0.021354 0.020370
0 10 0.077344 0.402778 0.010937 0.018519
0 11 0.137240 0.412963 0.011979 0.014815
0 12 0.194271 0.452315 0.009375 0.012037
0 14 0.397135 0.528241 0.008854 0.010185
0 16 0.811979 0.680556 0.068750 0.048148
0 17 0.345052 0.468056 0.039062 0.043519
0 18 0.268750 0.425463 0.046875 0.032407
0 20 0.833333 0.782407 0.045833 0.050000
0 21 0.907552 0.787037 0.041146 0.035185
0 22 0.977604 0.769907 0.030208 0.021296
0 23 0.588802 0.629630 0.025521 0.025926
0 24 0.099219 0.345370 0.031771 0.035185
0 25 0.128125 0.346296 0.032292 0.027778
0 26 0.213802 0.370833 0.026562 0.025000
0 27 0.244010 0.397685 0.028646 0.028704
