0,0,239,647,46,46,1,1,1
1,0,240,647,46,46,1,1,1
2,0,241,648,46,46,1,1,1
3,0,243,649,46,46,1,1,1
4,0,244,651,46,46,1,1,1
5,0,244,651,46,46,1,1,1
6,0,248,653,46,46,1,1,1
7,0,247,654,46,46,1,1,1
8,0,247,653,46,46,1,1,1
9,0,249,654,46,46,1,1,1
10,0,250,654,46,46,1,1,1
11,0,252,657,46,46,1,1,1
12,0,252,656,46,46,1,1,1
13,0,254,659,46,46,1,1,1
14,0,255,660,46,46,1,1,1
15,0,256,661,46,46,1,1,1
16,0,256,663,46,46,1,1,1
17,0,257,662,46,46,1,1,1
18,0,257,663,46,46,1,1,1
19,0,257,665,46,46,1,1,1
20,0,258,664,46,46,1,1,1
21,0,259,666,46,46,1,1,1
22,0,259,667,46,46,1,1,1
23,0,260,669,46,46,1,1,1
24,0,261,669,46,46,1,1,1
25,0,261,671,46,46,1,1,1
26,0,261,672,46,46,1,1,1
27,0,261,673,46,46,1,1,1
28,0,262,672,46,46,1,1,1
29,0,262,675,46,46,1,1,1
30,0,262,675,46,46,1,1,1
31,0,262,675,46,46,1,1,1
32,0,263,677,46,46,1,1,1
33,0,263,677,46,46,1,1,1
34,0,262,680,46,46,1,1,1
35,0,261,679,46,46,1,1,1
36,0,261,683,46,46,1,1,1
37,0,261,682,46,46,1,1,1
38,0,262,682,46,46,1,1,1
39,0,261,684,46,46,1,1,1
40,0,262,684,46,46,1,1,1
41,0,261,686,46,46,1,1,1
42,0,261,687,46,46,1,1,1
43,0,259,690,46,46,1,1,1
44,0,259,691,46,46,1,1,1
45,0,258,691,46,46,1,1,1
46,0,258,694,46,46,1,1,1
47,0,259,694,46,46,1,1,1
48,0,259,695,46,46,1,1,1
49,0,257,697,46,46,1,1,1
50,0,258,697,46,46,1,1,1
51,0,257,699,46,46,1,1,1
52,0,256,700,46,46,1,1,1
53,0,255,701,46,46,1,1,1
54,0,254,702,46,46,1,1,1
55,0,254,703,46,46,1,1,1
56,0,252,704,48,48,1,1,1
57,0,251,703,48,48,1,1,1
58,0,252,703,48,48,1,1,1
59,0,250,706,48,48,1,1,1
60,0,249,706,48,48,1,1,1
61,0,249,708,48,48,1,1,1
62,0,249,707,48,48,1,1,1
63,0,245,707,51,51,1,1,1
64,0,244,711,51,51,1,1,1
65,0,244,711,51,51,1,1,1
66,0,243,711,51,51,1,1,1
67,0,244,712,51,51,1,1,1
68,0,244,711,51,51,1,1,1
69,0,241,714,51,51,1,1,1
70,0,241,713,51,51,1,1,1
71,0,240,715,51,51,1,1,1
72,0,242,716,48,48,1,1,1
73,0,241,719,48,48,1,1,1
74,0,238,722,48,48,1,1,1
75,0,238,722,48,48,1,1,1
76,0,238,724,48,48,1,1,1
77,0,236,725,48,48,1,1,1
78,0,236,725,48,48,1,1,1
79,0,235,727,48,48,1,1,1
80,0,236,728,48,48,1,1,1
81,0,234,730,48,48,1,1,1
82,0,234,731,48,48,1,1,1
83,0,232,732,48,48,1,1,1
84,0,231,731,48,48,1,1,1
85,0,231,730,48,48,1,1,1
86,0,228,732,48,48,1,1,1
87,0,227,733,51,51,1,1,1
88,0,226,733,53,53,1,1,1
89,0,224,735,56,56,1,1,1
90,0,223,736,56,56,1,1,1
91,0,220,737,56,56,1,1,1
92,0,221,736,56,56,1,1,1
93,0,217,739,56,56,1,1,1
94,0,215,742,56,56,1,1,1
95,0,216,744,56,56,1,1,1
96,0,214,746,56,56,1,1,1
97,0,214,747,56,56,1,1,1
98,0,213,747,56,56,1,1,1
99,0,210,749,56,56,1,1,1
0,1,740,617,46,32,1,1,1
1,1,744,615,46,32,1,1,1
2,1,744,616,46,32,1,1,1
3,1,744,615,46,32,1,1,1
4,1,743,615,46,32,1,1,1
5,1,744,616,44,30,1,1,1
6,1,743,614,44,30,1,1,1
7,1,743,615,44,30,1,1,1
8,1,744,614,44,30,1,1,1
9,1,744,614,44,30,1,1,1
10,1,744,613,44,30,1,1,1
11,1,741,612,44,30,1,1,1
12,1,741,612,44,30,1,1,1
13,1,738,609,44,30,1,1,1
14,1,736,609,44,30,1,1,1
15,1,737,609,44,30,1,1,1
16,1,735,607,44,30,1,1,1
17,1,735,607,44,30,1,1,1
18,1,734,607,44,30,1,1,1
19,1,733,606,44,30,1,1,1
20,1,733,606,44,30,1,1,1
21,1,732,605,44,30,1,1,1
22,1,731,605,44,30,1,1,1
23,1,728,603,44,30,1,1,1
24,1,726,604,44,30,1,1,1
25,1,726,603,44,30,1,1,1
26,1,725,602,44,30,1,1,1
27,1,726,603,42,29,1,1,1
28,1,725,602,42,29,1,1,1
29,1,722,602,42,29,1,1,1
30,1,722,601,42,29,1,1,1
31,1,720,600,42,29,1,1,1
32,1,722,601,40,28,1,1,1
33,1,719,601,40,28,1,1,1
34,1,715,599,40,28,1,1,1
35,1,714,599,40,28,1,1,1
36,1,713,597,40,28,1,1,1
37,1,712,599,40,28,1,1,1
38,1,714,599,38,26,1,1,1
39,1,711,598,38,26,1,1,1
40,1,711,598,38,26,1,1,1
41,1,708,597,38,26,1,1,1
42,1,708,597,38,26,1,1,1
43,1,705,596,38,26,1,1,1
44,1,701,596,38,26,1,1,1
45,1,702,595,38,26,1,1,1
46,1,699,594,38,26,1,1,1
47,1,698,594,38,26,1,1,1
48,1,698,593,38,26,1,1,1
49,1,695,593,38,26,1,1,1
50,1,696,592,38,26,1,1,1
51,1,691,591,38,26,1,1,1
52,1,691,591,38,26,1,1,1
53,1,687,590,38,26,1,1,1
54,1,684,590,38,26,1,1,1
55,1,684,590,38,26,1,1,1
56,1,681,590,38,26,1,1,1
57,1,682,590,38,26,1,1,1
58,1,682,589,38,26,1,1,1
59,1,680,589,38,26,1,1,1
60,1,681,588,36,25,1,1,1
61,1,678,589,36,25,1,1,1
62,1,677,589,36,25,1,1,1
63,1,675,588,36,25,1,1,1
64,1,673,588,34,24,1,1,1
65,1,674,587,34,24,1,1,1
66,1,671,585,34,24,1,1,1
67,1,671,586,34,24,1,1,1
68,1,671,585,34,24,1,1,1
69,1,666,584,34,24,1,1,1
70,1,666,584,34,24,1,1,1
71,1,663,584,34,24,1,1,1
72,1,662,583,34,24,1,1,1
73,1,660,582,34,24,1,1,1
74,1,657,581,34,24,1,1,1
75,1,656,582,34,24,1,1,1
76,1,653,579,34,24,1,1,1
77,1,654,580,34,24,1,1,1
78,1,653,580,34,24,1,1,1
79,1,650,578,34,24,1,1,1
80,1,650,579,34,24,1,1,1
81,1,647,578,34,24,1,1,1
82,1,647,579,34,24,1,1,1
83,1,643,577,34,24,1,1,1
84,1,641,575,34,24,1,1,1
85,1,641,574,34,24,1,1,1
86,1,637,575,34,24,1,1,1
87,1,636,574,34,24,1,1,1
88,1,636,573,34,24,1,1,1
89,1,634,574,34,24,1,1,1
90,1,635,574,34,24,1,1,1
91,1,631,573,34,24,1,1,1
92,1,632,573,34,24,1,1,1
93,1,627,572,34,24,1,1,1
94,1,625,570,34,24,1,1,1
95,1,626,571,34,24,1,1,1
96,1,623,570,34,24,1,1,1
97,1,622,571,34,24,1,1,1
98,1,623,572,34,24,1,1,1
99,1,620,571,34,24,1,1,1
0,2,859,619,38,24,1,1,1
1,2,860,616,38,24,1,1,1
2,2,861,617,38,24,1,1,1
3,2,861,617,38,24,1,1,1
4,2,860,616,38,24,1,1,1
5,2,861,616,38,24,1,1,1
6,2,861,618,38,24,1,1,1
7,2,858,616,40,25,1,1,1
8,2,859,617,40,25,1,1,1
9,2,857,616,40,25,1,1,1
10,2,858,616,40,25,1,1,1
11,2,855,615,40,25,1,1,1
12,2,855,616,40,25,1,1,1
13,2,855,615,40,25,1,1,1
14,2,854,615,40,25,1,1,1
15,2,855,614,40,25,1,1,1
16,2,852,615,40,25,1,1,1
17,2,851,615,40,25,1,1,1
18,2,852,615,40,25,1,1,1
19,2,851,614,40,25,1,1,1
20,2,850,614,40,25,1,1,1
21,2,848,614,40,25,1,1,1
22,2,849,615,40,25,1,1,1
23,2,842,612,42,26,1,1,1
24,2,841,611,42,26,1,1,1
25,2,841,611,42,26,1,1,1
26,2,837,611,44,28,1,1,1
27,2,835,610,46,29,1,1,1
28,2,834,611,46,29,1,1,1
29,2,833,611,46,29,1,1,1
30,2,833,612,46,29,1,1,1
31,2,829,613,46,29,1,1,1
32,2,831,613,46,29,1,1,1
33,2,823,612,46,29,1,1,1
34,2,817,612,46,29,1,1,1
35,2,816,612,46,29,1,1,1
36,2,810,612,46,29,1,1,1
37,2,810,611,46,29,1,1,1
38,2,810,612,46,29,1,1,1
39,2,802,611,46,29,1,1,1
40,2,801,611,46,29,1,1,1
41,2,796,612,46,29,1,1,1
42,2,794,612,46,29,1,1,1
43,2,793,613,46,29,1,1,1
44,2,787,612,46,29,1,1,1
45,2,790,614,44,28,1,1,1
46,2,783,613,44,28,1,1,1
47,2,780,612,46,29,1,1,1
48,2,779,612,46,29,1,1,1
49,2,772,613,46,29,1,1,1
50,2,771,612,48,31,1,1,1
51,2,766,611,48,31,1,1,1
52,2,768,612,46,29,1,1,1
53,2,761,610,46,29,1,1,1
54,2,756,611,46,29,1,1,1
55,2,757,613,46,29,1,1,1
56,2,749,609,48,31,1,1,1
57,2,749,609,48,31,1,1,1
58,2,751,611,48,31,1,1,1
59,2,740,609,48,31,1,1,1
60,2,741,608,48,31,1,1,1
61,2,731,611,48,31,1,1,1
62,2,731,610,48,31,1,1,1
63,2,723,610,48,31,1,1,1
64,2,714,609,48,31,1,1,1
65,2,711,610,48,31,1,1,1
66,2,709,609,48,31,1,1,1
67,2,708,609,48,31,1,1,1
68,2,709,608,48,31,1,1,1
69,2,698,610,48,31,1,1,1
70,2,697,610,48,31,1,1,1
71,2,696,611,46,29,1,1,1
72,2,696,611,46,29,1,1,1
73,2,687,612,46,29,1,1,1
74,2,678,612,46,29,1,1,1
75,2,677,613,46,29,1,1,1
76,2,666,614,46,29,1,1,1
77,2,666,614,46,29,1,1,1
78,2,666,613,46,29,1,1,1
79,2,660,615,44,28,1,1,1
80,2,660,615,44,28,1,1,1
81,2,652,616,44,28,1,1,1
82,2,650,617,44,28,1,1,1
83,2,643,619,42,26,1,1,1
84,2,635,620,42,26,1,1,1
85,2,632,618,44,28,1,1,1
86,2,623,620,44,28,1,1,1
87,2,620,618,46,29,1,1,1
88,2,621,618,46,29,1,1,1
89,2,613,619,46,29,1,1,1
90,2,612,619,46,29,1,1,1
91,2,601,619,48,31,1,1,1
92,2,601,619,48,31,1,1,1
93,2,587,621,51,32,1,1,1
94,2,579,622,51,32,1,1,1
95,2,578,621,51,32,1,1,1
96,2,573,623,48,31,1,1,1
97,2,572,623,48,31,1,1,1
98,2,573,623,48,31,1,1,1
99,2,564,623,48,31,1,1,1
0,3,1127,693,64,33,1,1,1
1,3,1123,691,64,33,1,1,1
2,3,1124,692,64,33,1,1,1
3,3,1124,693,61,31,1,1,1
4,3,1124,694,61,31,1,1,1
5,3,1124,693,61,31,1,1,1
6,3,1122,693,61,31,1,1,1
7,3,1123,693,61,31,1,1,1
8,3,1123,693,61,31,1,1,1
9,3,1121,694,61,31,1,1,1
10,3,1122,694,61,31,1,1,1
11,3,1122,693,58,30,1,1,1
12,3,1119,692,61,31,1,1,1
13,3,1121,694,61,31,1,1,1
14,3,1115,692,61,31,1,1,1
15,3,1115,692,61,31,1,1,1
16,3,1113,692,61,31,1,1,1
17,3,1113,691,61,31,1,1,1
18,3,1113,691,61,31,1,1,1
19,3,1108,691,64,33,1,1,1
20,3,1109,690,64,33,1,1,1
21,3,1107,690,64,33,1,1,1
22,3,1107,691,64,33,1,1,1
23,3,1104,692,61,31,1,1,1
24,3,1103,691,61,31,1,1,1
25,3,1105,692,58,30,1,1,1
26,3,1101,693,58,30,1,1,1
27,3,1101,693,58,30,1,1,1
28,3,1101,693,58,30,1,1,1
29,3,1100,693,58,30,1,1,1
30,3,1101,692,55,29,1,1,1
31,3,1099,693,55,29,1,1,1
32,3,1100,693,55,29,1,1,1
33,3,1096,693,55,29,1,1,1
34,3,1094,693,55,29,1,1,1
35,3,1096,694,53,27,1,1,1
36,3,1092,692,53,27,1,1,1
37,3,1091,692,53,27,1,1,1
38,3,1091,692,53,27,1,1,1
39,3,1089,693,53,27,1,1,1
40,3,1089,693,53,27,1,1,1
41,3,1086,692,53,27,1,1,1
42,3,1085,691,53,27,1,1,1
43,3,1083,691,53,27,1,1,1
44,3,1081,692,53,27,1,1,1
45,3,1079,692,53,27,1,1,1
46,3,1077,691,53,27,1,1,1
47,3,1077,690,53,27,1,1,1
48,3,1077,690,53,27,1,1,1
49,3,1073,691,53,27,1,1,1
50,3,1075,691,50,26,1,1,1
51,3,1073,691,48,25,1,1,1
52,3,1072,690,48,25,1,1,1
53,3,1069,689,48,25,1,1,1
54,3,1068,690,48,25,1,1,1
55,3,1067,689,48,25,1,1,1
56,3,1064,688,48,25,1,1,1
57,3,1064,688,48,25,1,1,1
58,3,1063,687,48,25,1,1,1
59,3,1061,688,48,25,1,1,1
60,3,1061,688,48,25,1,1,1
61,3,1059,688,48,25,1,1,1
62,3,1059,688,48,25,1,1,1
63,3,1055,686,48,25,1,1,1
64,3,1053,685,48,25,1,1,1
65,3,1054,685,48,25,1,1,1
66,3,1051,685,48,25,1,1,1
67,3,1051,686,48,25,1,1,1
68,3,1050,684,48,25,1,1,1
69,3,1047,684,48,25,1,1,1
70,3,1047,683,48,25,1,1,1
71,3,1047,683,45,23,1,1,1
72,3,1047,683,45,23,1,1,1
73,3,1044,683,45,23,1,1,1
74,3,1042,683,45,23,1,1,1
75,3,1042,684,45,23,1,1,1
76,3,1040,682,45,23,1,1,1
77,3,1039,682,45,23,1,1,1
78,3,1039,682,45,23,1,1,1
79,3,1037,682,45,23,1,1,1
80,3,1036,681,45,23,1,1,1
81,3,1035,682,45,23,1,1,1
82,3,1035,681,45,23,1,1,1
83,3,1032,682,45,23,1,1,1
84,3,1030,682,43,22,1,1,1
85,3,1031,682,43,22,1,1,1
86,3,1028,681,43,22,1,1,1
87,3,1029,682,41,21,1,1,1
88,3,1029,683,41,21,1,1,1
89,3,1027,680,41,21,1,1,1
90,3,1026,681,41,21,1,1,1
91,3,1024,680,41,21,1,1,1
92,3,1025,681,41,21,1,1,1
93,3,1021,680,41,21,1,1,1
94,3,1018,679,41,21,1,1,1
95,3,1019,680,41,21,1,1,1
96,3,1016,680,39,20,1,1,1
97,3,1017,679,39,20,1,1,1
98,3,1016,680,39,20,1,1,1
99,3,1014,679,39,20,1,1,1
0,4,1349,804,47,32,1,1,1
1,4,1349,802,47,32,1,1,1
2,4,1348,802,47,32,1,1,1
3,4,1348,800,47,32,1,1,1
4,4,1348,799,47,32,1,1,1
5,4,1348,800,47,32,1,1,1
6,4,1348,799,47,32,1,1,1
7,4,1347,798,47,32,1,1,1
8,4,1349,799,45,30,1,1,1
9,4,1349,799,45,30,1,1,1
10,4,1348,799,45,30,1,1,1
11,4,1346,797,45,30,1,1,1
12,4,1347,797,45,30,1,1,1
13,4,1348,795,43,29,1,1,1
14,4,1347,796,43,29,1,1,1
15,4,1347,796,43,29,1,1,1
16,4,1347,795,43,29,1,1,1
17,4,1347,795,43,29,1,1,1
18,4,1347,795,43,29,1,1,1
19,4,1346,794,43,29,1,1,1
20,4,1346,794,43,29,1,1,1
21,4,1345,792,43,29,1,1,1
22,4,1346,792,43,29,1,1,1
23,4,1345,790,43,29,1,1,1
24,4,1345,790,43,29,1,1,1
25,4,1344,790,43,29,1,1,1
26,4,1344,789,43,29,1,1,1
27,4,1345,790,43,29,1,1,1
28,4,1345,789,43,29,1,1,1
29,4,1344,789,43,29,1,1,1
30,4,1343,789,43,29,1,1,1
31,4,1342,788,43,29,1,1,1
32,4,1342,787,43,29,1,1,1
33,4,1342,786,43,29,1,1,1
34,4,1340,784,43,29,1,1,1
35,4,1339,784,43,29,1,1,1
36,4,1339,784,43,29,1,1,1
37,4,1339,784,43,29,1,1,1
38,4,1339,783,43,29,1,1,1
39,4,1339,782,43,29,1,1,1
40,4,1339,783,43,29,1,1,1
41,4,1338,783,43,29,1,1,1
42,4,1337,781,43,29,1,1,1
43,4,1335,780,43,29,1,1,1
44,4,1334,779,43,29,1,1,1
45,4,1334,779,43,29,1,1,1
46,4,1334,778,41,28,1,1,1
47,4,1335,779,41,28,1,1,1
48,4,1335,778,41,28,1,1,1
49,4,1333,778,41,28,1,1,1
50,4,1335,780,39,26,1,1,1
51,4,1334,778,39,26,1,1,1
52,4,1334,777,39,26,1,1,1
53,4,1332,777,39,26,1,1,1
54,4,1329,773,41,28,1,1,1
55,4,1330,774,41,28,1,1,1
56,4,1328,773,41,28,1,1,1
57,4,1329,774,39,26,1,1,1
58,4,1329,774,39,26,1,1,1
59,4,1326,773,41,28,1,1,1
60,4,1327,772,41,28,1,1,1
61,4,1326,770,41,28,1,1,1
62,4,1326,772,41,28,1,1,1
63,4,1324,770,41,28,1,1,1
64,4,1323,768,41,28,1,1,1
65,4,1324,769,41,28,1,1,1
66,4,1321,769,41,28,1,1,1
67,4,1322,767,41,28,1,1,1
68,4,1322,768,41,28,1,1,1
69,4,1320,766,41,28,1,1,1
70,4,1320,767,41,28,1,1,1
71,4,1319,764,41,28,1,1,1
72,4,1318,764,41,28,1,1,1
73,4,1317,763,41,28,1,1,1
74,4,1315,764,41,28,1,1,1
75,4,1316,765,39,26,1,1,1
76,4,1316,765,37,25,1,1,1
77,4,1317,765,37,25,1,1,1
78,4,1317,766,35,24,1,1,1
79,4,1315,764,35,24,1,1,1
80,4,1315,765,35,24,1,1,1
81,4,1315,763,35,24,1,1,1
82,4,1316,764,33,23,1,1,1
83,4,1314,763,33,23,1,1,1
84,4,1313,763,33,23,1,1,1
85,4,1314,761,33,23,1,1,1
86,4,1312,760,33,23,1,1,1
87,4,1313,760,33,23,1,1,1
88,4,1312,762,33,23,1,1,1
89,4,1310,761,33,23,1,1,1
90,4,1311,760,33,23,1,1,1
91,4,1310,761,33,23,1,1,1
92,4,1311,762,32,22,1,1,1
93,4,1308,759,32,22,1,1,1
94,4,1307,760,32,22,1,1,1
95,4,1306,759,32,22,1,1,1
96,4,1304,759,32,22,1,1,1
97,4,1306,760,30,21,1,1,1
98,4,1306,760,30,21,1,1,1
99,4,1305,759,30,21,1,1,1
0,5,1753,791,167,47,1,1,1
1,5,1760,792,159,45,1,1,1
2,5,1760,792,151,43,1,1,1
3,5,1763,794,151,43,1,1,1
4,5,1767,796,151,43,1,1,1
5,5,1778,796,159,45,1,1,1
6,5,1779,796,159,45,1,1,1
7,5,1777,796,159,45,1,1,1
8,5,1777,796,159,45,1,1,1
9,5,1793,798,159,45,1,1,1
10,5,1786,798,159,45,1,1,1
11,5,1801,800,159,45,1,1,1
12,5,1792,801,159,45,1,1,1
13,5,1808,802,159,45,1,1,1
14,5,1778,801,159,45,1,1,1
15,5,1811,803,151,43,1,1,1
16,5,1819,803,159,45,1,1,1
17,5,1822,806,151,43,1,1,1
18,5,1820,806,151,43,1,1,1
19,5,1831,807,151,43,1,1,1
20,5,1829,808,151,43,1,1,1
21,5,1837,809,151,43,1,1,1
22,5,1837,809,151,43,1,1,1
23,5,1839,811,144,41,1,1,1
24,5,1844,812,144,41,1,1,1
25,5,1845,815,137,39,1,1,1
26,5,1848,816,137,39,1,1,1
27,5,1855,816,137,39,1,1,1
28,5,1854,817,137,39,1,1,1
29,5,1855,818,137,39,1,1,1
30,5,1859,820,137,39,1,1,1
31,5,1873,823,131,37,1,1,1
0,6,1355,643,75,41,1,1,1
1,6,1359,641,75,41,1,1,1
2,6,1359,641,75,41,1,1,1
3,6,1364,643,75,41,1,1,1
4,6,1369,645,75,41,1,1,1
5,6,1369,646,75,41,1,1,1
6,6,1375,647,75,41,1,1,1
7,6,1375,648,75,41,1,1,1
8,6,1375,648,75,41,1,1,1
9,6,1380,649,75,41,1,1,1
10,6,1380,649,75,41,1,1,1
11,6,1384,650,75,41,1,1,1
12,6,1387,651,75,41,1,1,1
13,6,1392,652,75,41,1,1,1
14,6,1400,656,75,41,1,1,1
15,6,1401,655,75,41,1,1,1
16,6,1404,657,75,41,1,1,1
17,6,1406,658,75,41,1,1,1
18,6,1407,658,75,41,1,1,1
19,6,1409,657,79,43,1,1,1
20,6,1410,658,79,43,1,1,1
21,6,1415,661,79,43,1,1,1
22,6,1418,663,79,43,1,1,1
23,6,1422,664,79,43,1,1,1
24,6,1428,667,79,43,1,1,1
25,6,1428,667,79,43,1,1,1
26,6,1432,669,79,43,1,1,1
27,6,1434,669,75,41,1,1,1
28,6,1433,670,79,43,1,1,1
29,6,1438,672,79,43,1,1,1
30,6,1439,674,79,43,1,1,1
31,6,1444,675,79,43,1,1,1
32,6,1446,677,75,41,1,1,1
33,6,1455,679,75,41,1,1,1
34,6,1456,681,75,41,1,1,1
35,6,1457,681,75,41,1,1,1
36,6,1457,681,75,41,1,1,1
37,6,1453,681,75,41,1,1,1
38,6,1448,680,75,41,1,1,1
39,6,1448,681,79,43,1,1,1
40,6,1444,682,83,45,1,1,1
41,6,1451,683,87,47,1,1,1
42,6,1452,682,87,47,1,1,1
43,6,1455,684,87,47,1,1,1
44,6,1464,686,87,47,1,1,1
45,6,1466,687,87,47,1,1,1
46,6,1471,689,87,47,1,1,1
47,6,1474,690,83,45,1,1,1
48,6,1474,690,83,45,1,1,1
49,6,1483,691,83,45,1,1,1
50,6,1479,691,87,47,1,1,1
51,6,1481,692,87,47,1,1,1
52,6,1479,692,91,50,1,1,1
53,6,1480,694,87,47,1,1,1
54,6,1483,696,87,47,1,1,1
55,6,1484,697,87,47,1,1,1
56,6,1486,698,87,47,1,1,1
57,6,1484,698,91,50,1,1,1
58,6,1483,697,91,50,1,1,1
59,6,1490,699,91,50,1,1,1
60,6,1489,701,91,50,1,1,1
61,6,1494,704,91,50,1,1,1
62,6,1499,704,87,47,1,1,1
63,6,1501,705,91,50,1,1,1
64,6,1506,703,91,50,1,1,1
65,6,1506,703,91,50,1,1,1
66,6,1513,703,96,52,1,1,1
67,6,1515,703,96,52,1,1,1
68,6,1513,703,101,55,1,1,1
69,6,1519,706,106,58,1,1,1
70,6,1519,707,106,58,1,1,1
71,6,1526,707,106,58,1,1,1
72,6,1526,707,106,58,1,1,1
73,6,1534,710,106,58,1,1,1
74,6,1538,712,106,58,1,1,1
75,6,1540,712,106,58,1,1,1
76,6,1540,713,111,61,1,1,1
77,6,1542,713,106,58,1,1,1
78,6,1540,713,111,61,1,1,1
79,6,1544,715,111,61,1,1,1
80,6,1542,713,111,61,1,1,1
81,6,1542,714,116,64,1,1,1
82,6,1546,716,111,61,1,1,1
83,6,1546,717,116,64,1,1,1
84,6,1549,720,116,64,1,1,1
85,6,1549,720,116,64,1,1,1
86,6,1553,721,116,64,1,1,1
87,6,1548,719,122,67,1,1,1
88,6,1548,719,122,67,1,1,1
89,6,1553,722,122,67,1,1,1
90,6,1553,721,122,67,1,1,1
91,6,1556,724,122,67,1,1,1
92,6,1558,724,122,67,1,1,1
93,6,1561,726,122,67,1,1,1
94,6,1564,729,122,67,1,1,1
95,6,1564,728,122,67,1,1,1
96,6,1569,730,122,67,1,1,1
97,6,1570,731,122,67,1,1,1
98,6,1567,729,128,70,1,1,1
99,6,1569,731,135,74,1,1,1
0,7,1233,637,50,26,1,1,1
1,7,1236,636,48,25,1,1,1
2,7,1235,635,48,25,1,1,1
3,7,1233,636,50,26,1,1,1
4,7,1232,635,50,26,1,1,1
5,7,1231,636,50,26,1,1,1
6,7,1232,636,50,26,1,1,1
7,7,1232,636,50,26,1,1,1
8,7,1232,637,50,26,1,1,1
9,7,1230,637,50,26,1,1,1
10,7,1231,637,50,26,1,1,1
11,7,1228,635,50,26,1,1,1
12,7,1227,636,50,26,1,1,1
13,7,1224,635,50,26,1,1,1
14,7,1224,635,50,26,1,1,1
15,7,1223,636,50,26,1,1,1
16,7,1223,636,50,26,1,1,1
17,7,1224,637,48,25,1,1,1
18,7,1223,636,48,25,1,1,1
19,7,1222,636,45,24,1,1,1
20,7,1222,637,45,24,1,1,1
21,7,1221,637,45,24,1,1,1
22,7,1220,637,48,25,1,1,1
23,7,1217,636,48,25,1,1,1
24,7,1214,635,48,25,1,1,1
25,7,1217,636,45,24,1,1,1
26,7,1213,635,48,25,1,1,1
27,7,1214,637,45,24,1,1,1
28,7,1214,636,48,25,1,1,1
29,7,1210,635,48,25,1,1,1
30,7,1211,636,45,24,1,1,1
31,7,1210,637,43,22,1,1,1
32,7,1210,636,43,22,1,1,1
33,7,1206,635,43,22,1,1,1
34,7,1206,636,43,22,1,1,1
35,7,1207,637,43,22,1,1,1
36,7,1206,638,41,21,1,1,1
37,7,1206,637,41,21,1,1,1
38,7,1206,637,41,21,1,1,1
39,7,1202,638,41,21,1,1,1
40,7,1203,637,41,21,1,1,1
41,7,1201,638,41,21,1,1,1
42,7,1200,638,41,21,1,1,1
43,7,1197,638,41,21,1,1,1
44,7,1195,636,41,21,1,1,1
45,7,1195,638,39,20,1,1,1
46,7,1193,638,39,20,1,1,1
47,7,1192,637,39,20,1,1,1
48,7,1193,638,39,20,1,1,1
49,7,1190,638,39,20,1,1,1
50,7,1190,638,39,20,1,1,1
51,7,1186,637,39,20,1,1,1
52,7,1187,638,39,20,1,1,1
53,7,1184,637,39,20,1,1,1
54,7,1180,636,39,20,1,1,1
55,7,1179,637,39,20,1,1,1
56,7,1177,635,39,20,1,1,1
57,7,1177,635,39,20,1,1,1
58,7,1176,635,41,21,1,1,1
59,7,1172,634,41,21,1,1,1
60,7,1172,636,39,20,1,1,1
61,7,1170,636,39,20,1,1,1
62,7,1170,635,39,20,1,1,1
63,7,1166,634,39,20,1,1,1
64,7,1164,634,39,20,1,1,1
65,7,1164,634,39,20,1,1,1
66,7,1161,635,39,20,1,1,1
67,7,1161,635,39,20,1,1,1
68,7,1161,635,39,20,1,1,1
69,7,1158,635,39,20,1,1,1
70,7,1157,635,39,20,1,1,1
71,7,1156,634,37,19,1,1,1
72,7,1155,635,37,19,1,1,1
73,7,1150,632,39,20,1,1,1
74,7,1148,634,39,20,1,1,1
75,7,1148,634,39,20,1,1,1
76,7,1145,633,39,20,1,1,1
77,7,1145,632,39,20,1,1,1
78,7,1145,632,39,20,1,1,1
79,7,1142,633,39,20,1,1,1
80,7,1141,632,39,20,1,1,1
81,7,1137,632,39,20,1,1,1
82,7,1137,632,39,20,1,1,1
83,7,1133,633,39,20,1,1,1
84,7,1132,632,39,20,1,1,1
85,7,1131,632,39,20,1,1,1
86,7,1127,632,39,20,1,1,1
87,7,1128,632,39,20,1,1,1
88,7,1127,632,39,20,1,1,1
89,7,1125,633,37,19,1,1,1
90,7,1125,632,37,19,1,1,1
91,7,1123,633,37,19,1,1,1
92,7,1122,632,37,19,1,1,1
93,7,1118,632,39,20,1,1,1
94,7,1114,632,39,20,1,1,1
95,7,1112,632,39,20,1,1,1
96,7,1108,630,39,20,1,1,1
97,7,1109,630,39,20,1,1,1
98,7,1109,632,39,20,1,1,1
99,7,1105,631,39,20,1,1,1
0,9,1008,596,60,29,1,1,1
1,9,1005,595,60,29,1,1,1
2,9,1004,594,63,30,1,1,1
3,9,1003,594,63,30,1,1,1
4,9,1001,595,63,30,1,1,1
5,9,1003,596,63,30,1,1,1
6,9,1001,595,60,29,1,1,1
7,9,1000,595,60,29,1,1,1
8,9,1000,596,60,29,1,1,1
9,9,999,595,57,28,1,1,1
10,9,999,595,57,28,1,1,1
11,9,998,596,57,28,1,1,1
12,9,997,595,57,28,1,1,1
13,9,996,594,54,26,1,1,1
14,9,995,596,52,25,1,1,1
15,9,996,595,52,25,1,1,1
16,9,995,596,52,25,1,1,1
17,9,996,596,52,25,1,1,1
18,9,996,596,52,25,1,1,1
19,9,995,596,52,25,1,1,1
20,9,995,595,52,25,1,1,1
21,9,996,596,49,24,1,1,1
22,9,997,596,49,24,1,1,1
23,9,993,596,49,24,1,1,1
24,9,989,595,49,24,1,1,1
25,9,989,594,49,24,1,1,1
26,9,986,594,47,23,1,1,1
27,9,986,595,47,23,1,1,1
28,9,987,594,47,23,1,1,1
29,9,980,594,49,24,1,1,1
30,9,978,594,52,25,1,1,1
31,9,975,592,52,25,1,1,1
32,9,974,592,52,25,1,1,1
33,9,972,593,52,25,1,1,1
34,9,966,592,52,25,1,1,1
35,9,965,592,54,26,1,1,1
36,9,960,589,57,28,1,1,1
37,9,961,590,54,26,1,1,1
38,9,959,589,57,28,1,1,1
39,9,957,590,54,26,1,1,1
40,9,956,589,57,28,1,1,1
41,9,952,588,57,28,1,1,1
42,9,951,589,57,28,1,1,1
43,9,946,588,57,28,1,1,1
44,9,942,586,57,28,1,1,1
45,9,941,586,57,28,1,1,1
46,9,937,586,54,26,1,1,1
47,9,937,587,54,26,1,1,1
48,9,940,588,54,26,1,1,1
49,9,934,586,54,26,1,1,1
50,9,934,586,54,26,1,1,1
51,9,932,585,52,25,1,1,1
52,9,932,585,52,25,1,1,1
53,9,928,584,52,25,1,1,1
54,9,925,584,52,25,1,1,1
55,9,925,584,52,25,1,1,1
56,9,920,584,52,25,1,1,1
57,9,918,583,52,25,1,1,1
58,9,921,584,52,25,1,1,1
59,9,914,582,49,24,1,1,1
60,9,916,583,49,24,1,1,1
61,9,907,580,49,24,1,1,1
62,9,909,582,47,23,1,1,1
63,9,902,579,47,23,1,1,1
64,9,900,579,47,23,1,1,1
65,9,900,579,47,23,1,1,1
66,9,894,578,47,23,1,1,1
67,9,895,578,47,23,1,1,1
68,9,895,578,47,23,1,1,1
69,9,891,578,47,23,1,1,1
70,9,891,578,47,23,1,1,1
71,9,887,577,47,23,1,1,1
72,9,888,577,47,23,1,1,1
73,9,883,576,47,23,1,1,1
74,9,881,575,47,23,1,1,1
75,9,881,575,47,23,1,1,1
76,9,875,574,47,23,1,1,1
77,9,875,575,47,23,1,1,1
78,9,875,574,47,23,1,1,1
79,9,871,575,49,24,1,1,1
80,9,870,573,52,25,1,1,1
81,9,865,573,52,25,1,1,1
82,9,865,573,52,25,1,1,1
83,9,861,572,49,24,1,1,1
84,9,858,572,47,23,1,1,1
85,9,858,573,47,23,1,1,1
86,9,856,572,47,23,1,1,1
87,9,853,571,49,24,1,1,1
88,9,854,571,47,23,1,1,1
89,9,851,572,47,23,1,1,1
90,9,851,571,47,23,1,1,1
91,9,847,571,47,23,1,1,1
92,9,846,570,47,23,1,1,1
93,9,842,571,47,23,1,1,1
94,9,837,569,47,23,1,1,1
95,9,836,569,47,23,1,1,1
96,9,833,570,47,23,1,1,1
97,9,832,569,47,23,1,1,1
98,9,832,570,47,23,1,1,1
99,9,827,569,47,23,1,1,1
0,11,1424,622,174,72,1,1,1
1,11,1427,620,174,72,1,1,1
2,11,1427,620,174,72,1,1,1
3,11,1431,621,175,73,1,1,1
4,11,1435,622,176,73,1,1,1
5,11,1435,622,176,73,1,1,1
6,11,1439,623,177,73,1,1,1
7,11,1439,623,177,73,1,1,1
8,11,1439,623,177,73,1,1,1
9,11,1443,624,178,74,1,1,1
10,11,1443,624,178,74,1,1,1
11,11,1447,624,178,74,1,1,1
12,11,1447,624,178,74,1,1,1
13,11,1450,625,179,74,1,1,1
14,11,1454,626,180,74,1,1,1
15,11,1454,626,179,74,1,1,1
16,11,1457,627,180,75,1,1,1
17,11,1457,627,180,75,1,1,1
18,11,1457,627,180,74,1,1,1
19,11,1461,628,181,75,1,1,1
20,11,1461,628,181,75,1,1,1
21,11,1464,629,182,75,1,1,1
22,11,1464,629,182,75,1,1,1
23,11,1467,630,183,76,1,1,1
24,11,1470,631,183,76,1,1,1
25,11,1470,631,183,76,1,1,1
26,11,1473,632,183,76,1,1,1
27,11,1473,632,184,76,1,1,1
28,11,1473,632,184,76,1,1,1
29,11,1476,633,184,76,1,1,1
30,11,1476,633,184,76,1,1,1
31,11,1478,634,185,77,1,1,1
32,11,1478,634,185,77,1,1,1
33,11,1480,635,186,77,1,1,1
34,11,1483,636,187,77,1,1,1
35,11,1483,636,187,77,1,1,1
36,11,1485,637,188,78,1,1,1
37,11,1485,637,187,78,1,1,1
38,11,1485,637,188,78,1,1,1
39,11,1487,638,188,78,1,1,1
40,11,1487,638,188,78,1,1,1
41,11,1489,639,189,78,1,1,1
42,11,1489,639,189,78,1,1,1
43,11,1490,640,190,79,1,1,1
44,11,1492,641,191,79,1,1,1
45,11,1492,641,191,79,1,1,1
46,11,1494,642,191,79,1,1,1
47,11,1495,642,191,79,1,1,1
48,11,1494,642,191,79,1,1,1
49,11,1496,643,192,79,1,1,1
50,11,1496,643,192,79,1,1,1
51,11,1498,644,192,80,1,1,1
52,11,1498,644,192,80,1,1,1
53,11,1500,645,193,80,1,1,1
54,11,1502,645,194,80,1,1,1
55,11,1502,645,194,80,1,1,1
56,11,1503,646,194,80,1,1,1
57,11,1503,646,194,80,1,1,1
58,11,1503,646,194,80,1,1,1
59,11,1505,647,195,81,1,1,1
60,11,1505,647,195,81,1,1,1
61,11,1507,648,196,81,1,1,1
62,11,1507,648,196,81,1,1,1
63,11,1509,648,197,81,1,1,1
64,11,1511,649,197,82,1,1,1
65,11,1511,649,197,82,1,1,1
66,11,1512,650,198,82,1,1,1
67,11,1512,650,198,82,1,1,1
68,11,1512,650,198,82,1,1,1
69,11,1514,651,199,82,1,1,1
70,11,1514,651,199,82,1,1,1
71,11,1516,652,199,83,1,1,1
72,11,1516,652,199,82,1,1,1
73,11,1518,653,200,83,1,1,1
74,11,1520,654,201,83,1,1,1
75,11,1520,654,201,83,1,1,1
76,11,1522,655,202,83,1,1,1
77,11,1522,655,202,84,1,1,1
78,11,1522,655,202,84,1,1,1
79,11,1524,656,203,84,1,1,1
80,11,1524,656,203,84,1,1,1
81,11,1526,657,203,84,1,1,1
82,11,1526,657,203,84,1,1,1
83,11,1528,659,202,84,1,1,1
84,11,1529,660,205,85,1,1,1
85,11,1529,660,205,85,1,1,1
86,11,1531,661,205,85,1,1,1
87,11,1531,661,206,85,1,1,1
88,11,1531,661,206,85,1,1,1
89,11,1533,662,206,85,1,1,1
90,11,1533,662,207,85,1,1,1
91,11,1534,663,207,86,1,1,1
92,11,1534,663,207,86,1,1,1
93,11,1536,664,208,86,1,1,1
94,11,1537,665,209,86,1,1,1
95,11,1537,665,209,86,1,1,1
96,11,1538,666,211,87,1,1,1
97,11,1538,666,210,87,1,1,1
98,11,1538,666,210,87,1,1,1
99,11,1540,668,210,87,1,1,1
0,12,1271,564,81,32,1,1,1
1,12,1274,561,81,32,1,1,1
2,12,1274,561,81,32,1,1,1
3,12,1277,562,81,32,1,1,1
4,12,1280,563,82,32,1,1,1
5,12,1281,563,82,32,1,1,1
6,12,1284,563,82,32,1,1,1
7,12,1284,563,82,32,1,1,1
8,12,1284,563,82,32,1,1,1
9,12,1288,564,82,32,1,1,1
10,12,1288,564,82,32,1,1,1
11,12,1290,564,82,33,1,1,1
12,12,1290,564,82,33,1,1,1
13,12,1293,565,83,33,1,1,1
14,12,1296,565,83,33,1,1,1
15,12,1296,565,83,33,1,1,1
16,12,1299,566,83,33,1,1,1
17,12,1299,566,83,33,1,1,1
18,12,1299,566,83,33,1,1,1
19,12,1302,567,84,33,1,1,1
20,12,1302,567,84,33,1,1,1
21,12,1304,567,84,33,1,1,1
22,12,1304,567,84,33,1,1,1
23,12,1307,568,84,33,1,1,1
24,12,1309,568,84,33,1,1,1
25,12,1309,568,84,33,1,1,1
26,12,1312,569,84,33,1,1,1
27,12,1312,569,84,33,1,1,1
28,12,1312,569,84,33,1,1,1
29,12,1314,570,85,33,1,1,1
30,12,1314,570,85,33,1,1,1
31,12,1316,571,85,33,1,1,1
32,12,1316,571,85,33,1,1,1
33,12,1317,571,85,34,1,1,1
34,12,1319,572,85,34,1,1,1
35,12,1319,572,85,34,1,1,1
36,12,1320,573,86,34,1,1,1
37,12,1320,573,86,34,1,1,1
38,12,1320,573,86,34,1,1,1
39,12,1322,573,86,34,1,1,1
40,12,1322,573,86,34,1,1,1
41,12,1323,574,86,34,1,1,1
42,12,1323,574,86,34,1,1,1
43,12,1325,575,86,34,1,1,1
44,12,1326,575,87,34,1,1,1
45,12,1326,575,87,34,1,1,1
46,12,1327,576,87,34,1,1,1
47,12,1327,576,87,34,1,1,1
48,12,1327,576,87,34,1,1,1
49,12,1328,576,87,34,1,1,1
50,12,1328,576,87,34,1,1,1
51,12,1330,577,87,34,1,1,1
52,12,1330,577,87,34,1,1,1
53,12,1331,577,87,34,1,1,1
54,12,1332,578,87,35,1,1,1
55,12,1332,578,87,35,1,1,1
56,12,1333,578,88,35,1,1,1
57,12,1333,578,88,35,1,1,1
58,12,1333,578,88,35,1,1,1
59,12,1334,579,88,35,1,1,1
60,12,1334,579,88,35,1,1,1
61,12,1335,579,88,35,1,1,1
62,12,1335,579,88,35,1,1,1
63,12,1336,580,88,35,1,1,1
64,12,1338,580,89,35,1,1,1
65,12,1338,580,89,35,1,1,1
66,12,1339,581,89,35,1,1,1
67,12,1339,581,89,35,1,1,1
68,12,1339,581,89,35,1,1,1
69,12,1340,581,89,35,1,1,1
70,12,1340,581,89,35,1,1,1
71,12,1341,582,89,35,1,1,1
72,12,1341,582,89,35,1,1,1
73,12,1342,583,90,35,1,1,1
74,12,1344,583,90,35,1,1,1
75,12,1344,583,90,35,1,1,1
76,12,1345,584,90,36,1,1,1
77,12,1345,584,90,36,1,1,1
78,12,1345,584,90,36,1,1,1
79,12,1346,585,90,36,1,1,1
80,12,1346,585,90,36,1,1,1
81,12,1348,586,91,36,1,1,1
82,12,1348,586,91,36,1,1,1
83,12,1349,586,91,36,1,1,1
84,12,1350,587,91,36,1,1,1
85,12,1350,587,91,36,1,1,1
86,12,1351,588,91,36,1,1,1
87,12,1351,588,91,36,1,1,1
88,12,1351,588,91,36,1,1,1
89,12,1352,589,92,36,1,1,1
90,12,1352,589,92,36,1,1,1
91,12,1353,590,92,36,1,1,1
92,12,1353,590,92,36,1,1,1
93,12,1354,590,92,36,1,1,1
94,12,1354,591,92,36,1,1,1
95,12,1354,591,92,36,1,1,1
96,12,1355,592,92,36,1,1,1
97,12,1355,592,92,36,1,1,1
98,12,1355,592,92,36,1,1,1
99,12,1356,593,92,36,1,1,1
0,13,713,459,55,33,1,1,1
1,13,715,456,55,33,1,1,1
2,13,715,457,55,33,1,1,1
3,13,717,457,55,33,1,1,1
4,13,720,457,55,33,1,1,1
5,13,720,457,55,33,1,1,1
6,13,722,457,55,33,1,1,1
7,13,722,457,55,33,1,1,1
8,13,722,457,55,33,1,1,1
9,13,725,457,55,33,1,1,1
10,13,725,457,55,33,1,1,1
11,13,727,457,55,33,1,1,1
12,13,727,457,55,33,1,1,1
13,13,729,457,55,33,1,1,1
14,13,730,457,56,33,1,1,1
15,13,730,457,56,33,1,1,1
16,13,732,457,56,33,1,1,1
17,13,732,457,56,33,1,1,1
18,13,732,457,56,33,1,1,1
19,13,734,458,56,33,1,1,1
20,13,734,458,56,33,1,1,1
21,13,736,458,56,33,1,1,1
22,13,736,458,56,33,1,1,1
23,13,738,458,56,33,1,1,1
24,13,739,458,56,33,1,1,1
25,13,739,458,56,33,1,1,1
26,13,740,458,56,33,1,1,1
27,13,740,458,56,33,1,1,1
28,13,740,458,56,33,1,1,1
29,13,741,459,56,34,1,1,1
30,13,741,459,56,34,1,1,1
31,13,742,459,56,34,1,1,1
32,13,742,459,56,34,1,1,1
33,13,743,459,56,34,1,1,1
34,13,744,460,56,34,1,1,1
35,13,744,460,56,34,1,1,1
36,13,744,460,56,34,1,1,1
37,13,744,460,56,34,1,1,1
38,13,744,460,57,34,1,1,1
39,13,745,460,56,34,1,1,1
40,13,745,460,56,34,1,1,1
41,13,745,460,56,34,1,1,1
42,13,745,460,56,34,1,1,1
43,13,746,461,56,34,1,1,1
44,13,746,461,56,34,1,1,1
45,13,746,461,56,34,1,1,1
46,13,746,461,56,34,1,1,1
47,13,746,461,56,34,1,1,1
48,13,746,461,56,34,1,1,1
49,13,746,461,56,34,1,1,1
50,13,746,461,56,34,1,1,1
51,13,747,462,56,34,1,1,1
52,13,747,462,56,34,1,1,1
53,13,747,462,57,34,1,1,1
54,13,747,462,57,34,1,1,1
55,13,747,462,57,34,1,1,1
56,13,747,462,57,34,1,1,1
57,13,747,462,57,34,1,1,1
58,13,747,462,57,34,1,1,1
59,13,747,462,57,34,1,1,1
60,13,747,462,57,34,1,1,1
61,13,747,463,57,34,1,1,1
62,13,747,463,57,34,1,1,1
63,13,747,463,57,34,1,1,1
64,13,747,463,57,34,1,1,1
65,13,747,463,57,34,1,1,1
66,13,747,463,57,34,1,1,1
67,13,747,463,57,34,1,1,1
68,13,747,463,57,34,1,1,1
69,13,747,463,57,34,1,1,1
70,13,747,463,57,34,1,1,1
71,13,748,464,57,34,1,1,1
72,13,748,464,57,34,1,1,1
73,13,747,464,57,34,1,1,1
74,13,748,465,57,34,1,1,1
75,13,748,465,57,34,1,1,1
76,13,748,465,57,34,1,1,1
77,13,748,465,57,34,1,1,1
78,13,748,465,57,34,1,1,1
79,13,748,465,57,34,1,1,1
80,13,748,465,57,34,1,1,1
81,13,748,466,57,34,1,1,1
82,13,748,466,57,34,1,1,1
83,13,748,466,57,34,1,1,1
84,13,748,467,57,34,1,1,1
85,13,748,467,57,34,1,1,1
86,13,748,467,57,34,1,1,1
87,13,748,467,57,34,1,1,1
88,13,748,467,57,34,1,1,1
89,13,748,467,57,34,1,1,1
90,13,748,467,57,34,1,1,1
91,13,748,468,57,34,1,1,1
92,13,748,468,57,34,1,1,1
93,13,748,468,57,34,1,1,1
94,13,747,468,58,35,1,1,1
95,13,747,468,58,35,1,1,1
96,13,747,469,58,35,1,1,1
97,13,747,469,58,35,1,1,1
98,13,747,469,58,35,1,1,1
99,13,746,469,58,35,1,1,1
0,14,588,430,79,34,1,1,1
1,14,590,427,79,34,1,1,1
2,14,590,427,79,34,1,1,1
3,14,592,427,79,34,1,1,1
4,14,595,428,79,34,1,1,1
5,14,594,428,79,34,1,1,1
6,14,597,428,80,34,1,1,1
7,14,597,428,80,34,1,1,1
8,14,597,428,80,34,1,1,1
9,14,599,428,80,34,1,1,1
10,14,599,428,80,34,1,1,1
11,14,601,428,80,34,1,1,1
12,14,601,428,80,34,1,1,1
13,14,603,428,80,34,1,1,1
14,14,605,428,80,34,1,1,1
15,14,605,428,80,34,1,1,1
16,14,607,428,80,34,1,1,1
17,14,607,428,80,34,1,1,1
18,14,607,428,80,34,1,1,1
19,14,608,428,80,34,1,1,1
20,14,608,428,80,34,1,1,1
21,14,610,428,80,35,1,1,1
22,14,610,428,80,35,1,1,1
23,14,612,428,80,34,1,1,1
24,14,613,428,80,35,1,1,1
25,14,613,428,80,34,1,1,1
26,14,614,428,80,35,1,1,1
27,14,614,428,80,35,1,1,1
28,14,614,428,80,35,1,1,1
29,14,615,429,80,35,1,1,1
30,14,615,429,80,35,1,1,1
31,14,616,429,80,35,1,1,1
32,14,616,429,80,35,1,1,1
33,14,617,429,80,35,1,1,1
34,14,618,429,80,35,1,1,1
35,14,618,429,80,35,1,1,1
36,14,618,429,81,35,1,1,1
37,14,618,429,81,35,1,1,1
38,14,618,429,81,35,1,1,1
39,14,618,430,81,35,1,1,1
40,14,618,430,80,35,1,1,1
41,14,619,430,81,35,1,1,1
42,14,619,430,81,35,1,1,1
43,14,619,430,81,35,1,1,1
44,14,619,430,81,35,1,1,1
45,14,619,430,81,35,1,1,1
46,14,619,430,81,35,1,1,1
47,14,619,430,81,35,1,1,1
48,14,619,430,81,35,1,1,1
49,14,618,430,82,35,1,1,1
50,14,619,430,81,35,1,1,1
51,14,619,430,81,35,1,1,1
52,14,619,430,81,35,1,1,1
53,14,619,431,81,35,1,1,1
54,14,619,431,81,35,1,1,1
55,14,619,431,81,35,1,1,1
56,14,619,431,81,35,1,1,1
57,14,619,431,81,35,1,1,1
58,14,619,431,81,35,1,1,1
59,14,619,431,82,35,1,1,1
60,14,619,431,82,35,1,1,1
61,14,619,431,82,35,1,1,1
62,14,619,431,82,35,1,1,1
63,14,619,431,82,35,1,1,1
64,14,619,431,82,35,1,1,1
65,14,619,431,82,35,1,1,1
66,14,619,432,82,35,1,1,1
67,14,619,432,82,35,1,1,1
68,14,619,432,82,35,1,1,1
69,14,619,432,82,35,1,1,1
70,14,619,432,82,35,1,1,1
71,14,619,432,82,35,1,1,1
72,14,619,432,82,35,1,1,1
73,14,619,432,82,35,1,1,1
74,14,619,433,82,35,1,1,1
75,14,619,433,82,35,1,1,1
76,14,619,433,82,35,1,1,1
77,14,619,433,82,35,1,1,1
78,14,619,433,82,35,1,1,1
79,14,619,433,82,35,1,1,1
80,14,619,433,82,35,1,1,1
81,14,619,434,83,36,1,1,1
82,14,619,434,83,36,1,1,1
83,14,619,434,82,35,1,1,1
84,14,619,434,83,36,1,1,1
85,14,619,434,82,36,1,1,1
86,14,619,435,83,36,1,1,1
87,14,619,435,83,36,1,1,1
88,14,619,435,83,36,1,1,1
89,14,619,435,83,36,1,1,1
90,14,619,435,83,36,1,1,1
91,14,619,435,82,35,1,1,1
92,14,619,435,82,35,1,1,1
93,14,618,436,83,36,1,1,1
94,14,618,436,83,36,1,1,1
95,14,618,436,83,36,1,1,1
96,14,617,436,83,36,1,1,1
97,14,617,436,83,36,1,1,1
98,14,617,436,83,36,1,1,1
99,14,617,436,83,36,1,1,1
0,15,557,417,53,26,1,1,1
1,15,559,414,53,26,1,1,1
2,15,559,415,53,26,1,1,1
3,15,561,414,53,26,1,1,1
4,15,564,415,53,26,1,1,1
5,15,564,415,53,26,1,1,1
6,15,566,415,53,26,1,1,1
7,15,566,415,53,26,1,1,1
8,15,566,415,53,26,1,1,1
9,15,569,415,53,26,1,1,1
10,15,569,415,53,26,1,1,1
11,15,570,415,53,26,1,1,1
12,15,570,415,53,26,1,1,1
13,15,572,415,53,26,1,1,1
14,15,574,415,53,26,1,1,1
15,15,574,415,53,26,1,1,1
16,15,576,415,53,26,1,1,1
17,15,576,415,53,26,1,1,1
18,15,576,415,53,26,1,1,1
19,15,578,415,53,26,1,1,1
20,15,578,415,53,26,1,1,1
21,15,580,415,53,26,1,1,1
22,15,580,415,53,26,1,1,1
23,15,581,415,53,26,1,1,1
24,15,583,415,53,26,1,1,1
25,15,583,415,53,26,1,1,1
26,15,584,415,53,26,1,1,1
27,15,584,415,53,26,1,1,1
28,15,584,415,53,26,1,1,1
29,15,585,415,53,26,1,1,1
30,15,585,415,53,26,1,1,1
31,15,586,415,53,26,1,1,1
32,15,586,415,53,26,1,1,1
33,15,587,416,53,26,1,1,1
34,15,587,416,53,26,1,1,1
35,15,587,416,53,26,1,1,1
36,15,588,416,53,26,1,1,1
37,15,588,416,53,26,1,1,1
38,15,588,416,53,26,1,1,1
39,15,588,416,53,26,1,1,1
40,15,588,416,53,26,1,1,1
41,15,588,416,54,26,1,1,1
42,15,588,416,54,26,1,1,1
43,15,589,416,53,26,1,1,1
44,15,589,417,53,26,1,1,1
45,15,589,417,53,26,1,1,1
46,15,589,417,53,26,1,1,1
47,15,589,417,53,26,1,1,1
48,15,589,417,54,26,1,1,1
49,15,589,417,53,26,1,1,1
50,15,589,417,53,26,1,1,1
51,15,589,417,53,26,1,1,1
52,15,589,417,54,26,1,1,1
53,15,589,417,54,26,1,1,1
54,15,589,417,54,26,1,1,1
55,15,589,417,54,26,1,1,1
56,15,589,417,54,26,1,1,1
57,15,589,417,54,26,1,1,1
58,15,589,417,54,26,1,1,1
59,15,589,417,54,26,1,1,1
60,15,589,417,54,26,1,1,1
61,15,589,417,54,26,1,1,1
62,15,589,417,54,26,1,1,1
63,15,589,418,54,26,1,1,1
64,15,589,418,54,26,1,1,1
65,15,589,418,54,26,1,1,1
66,15,589,418,54,26,1,1,1
67,15,589,418,54,26,1,1,1
68,15,589,418,54,26,1,1,1
69,15,589,418,54,26,1,1,1
70,15,589,418,54,26,1,1,1
71,15,589,418,54,26,1,1,1
72,15,589,418,54,26,1,1,1
73,15,589,419,54,26,1,1,1
74,15,589,419,54,26,1,1,1
75,15,589,419,54,26,1,1,1
76,15,589,419,54,27,1,1,1
77,15,589,419,54,27,1,1,1
78,15,589,419,54,27,1,1,1
79,15,589,419,54,27,1,1,1
80,15,589,419,54,27,1,1,1
81,15,589,420,54,26,1,1,1
82,15,589,420,54,26,1,1,1
83,15,589,420,54,26,1,1,1
84,15,589,420,54,26,1,1,1
85,15,589,420,54,26,1,1,1
86,15,589,420,54,27,1,1,1
87,15,589,421,54,27,1,1,1
88,15,589,421,54,27,1,1,1
89,15,589,421,54,26,1,1,1
90,15,589,421,54,26,1,1,1
91,15,588,421,54,26,1,1,1
92,15,589,421,54,26,1,1,1
93,15,588,421,54,27,1,1,1
94,15,588,422,54,27,1,1,1
95,15,588,422,54,27,1,1,1
96,15,587,422,54,27,1,1,1
97,15,587,422,54,27,1,1,1
98,15,587,422,54,27,1,1,1
99,15,586,422,55,27,1,1,1
0,16,321,387,35,18,1,1,1
1,16,323,384,35,18,1,1,1
2,16,323,384,35,18,1,1,1
3,16,325,385,34,17,1,1,1
4,16,327,385,34,18,1,1,1
5,16,327,385,34,18,1,1,1
6,16,330,385,34,18,1,1,1
7,16,330,385,34,18,1,1,1
8,16,330,385,34,18,1,1,1
9,16,333,385,33,17,1,1,1
10,16,333,385,33,17,1,1,1
11,16,335,385,34,17,1,1,1
12,16,335,385,34,17,1,1,1
13,16,337,385,34,17,1,1,1
14,16,338,384,34,17,1,1,1
15,16,338,384,34,17,1,1,1
16,16,340,384,34,17,1,1,1
17,16,340,384,33,17,1,1,1
18,16,340,384,33,17,1,1,1
19,16,342,384,33,17,1,1,1
20,16,342,384,33,17,1,1,1
21,16,344,384,33,17,1,1,1
22,16,344,384,33,17,1,1,1
23,16,345,384,33,17,1,1,1
24,16,347,384,33,17,1,1,1
25,16,347,384,33,17,1,1,1
26,16,349,385,31,16,1,1,1
27,16,349,385,31,16,1,1,1
28,16,349,385,31,16,1,1,1
29,16,350,384,31,16,1,1,1
30,16,349,384,31,16,1,1,1
31,16,350,385,31,16,1,1,1
32,16,350,385,31,16,1,1,1
33,16,351,385,31,16,1,1,1
34,16,351,385,31,16,1,1,1
35,16,351,385,31,16,1,1,1
36,16,352,385,30,16,1,1,1
37,16,352,385,30,16,1,1,1
38,16,352,385,30,16,1,1,1
39,16,352,385,30,15,1,1,1
40,16,352,385,30,16,1,1,1
41,16,352,385,30,16,1,1,1
42,16,352,385,30,16,1,1,1
43,16,352,385,31,16,1,1,1
44,16,353,385,31,16,1,1,1
45,16,352,385,31,16,1,1,1
46,16,352,385,31,16,1,1,1
47,16,353,386,29,15,1,1,1
48,16,352,386,29,15,1,1,1
49,16,352,385,32,16,1,1,1
50,16,352,385,32,17,1,1,1
51,16,352,385,32,16,1,1,1
52,16,352,385,32,16,1,1,1
53,16,352,385,32,17,1,1,1
54,16,352,385,31,16,1,1,1
55,16,352,385,31,16,1,1,1
56,16,351,385,33,17,1,1,1
57,16,351,385,33,17,1,1,1
58,16,351,385,33,17,1,1,1
59,16,352,385,32,16,1,1,1
60,16,352,385,32,16,1,1,1
61,16,352,385,32,16,1,1,1
62,16,352,385,32,16,1,1,1
63,16,351,385,33,17,1,1,1
64,16,352,385,32,16,1,1,1
65,16,352,385,32,16,1,1,1
66,16,351,385,32,17,1,1,1
67,16,351,385,32,17,1,1,1
68,16,351,385,33,17,1,1,1
69,16,351,386,32,16,1,1,1
70,16,351,386,32,17,1,1,1
71,16,351,386,32,17,1,1,1
72,16,351,386,32,16,1,1,1
73,16,351,386,32,17,1,1,1
74,16,351,386,32,17,1,1,1
75,16,351,386,33,17,1,1,1
76,16,351,387,32,17,1,1,1
77,16,351,387,32,16,1,1,1
78,16,351,387,33,17,1,1,1
79,16,350,387,33,17,1,1,1
80,16,351,387,33,17,1,1,1
81,16,351,387,33,17,1,1,1
82,16,349,387,34,18,1,1,1
83,16,350,387,34,17,1,1,1
84,16,350,387,33,17,1,1,1
85,16,350,387,33,17,1,1,1
86,16,350,387,33,17,1,1,1
87,16,350,387,33,17,1,1,1
88,16,350,387,33,17,1,1,1
89,16,349,388,33,17,1,1,1
90,16,349,388,33,17,1,1,1
91,16,349,387,34,17,1,1,1
92,16,349,387,34,17,1,1,1
93,16,349,388,33,17,1,1,1
94,16,348,388,33,17,1,1,1
95,16,348,388,33,17,1,1,1
96,16,348,388,34,17,1,1,1
97,16,348,388,34,17,1,1,1
98,16,348,388,34,17,1,1,1
99,16,347,388,33,17,1,1,1
0,17,365,380,44,27,1,1,1
1,17,367,378,44,27,1,1,1
2,17,367,378,44,27,1,1,1
3,17,369,377,44,27,1,1,1
4,17,372,378,44,27,1,1,1
5,17,372,378,44,27,1,1,1
6,17,374,378,44,27,1,1,1
7,17,374,378,44,27,1,1,1
8,17,374,378,44,27,1,1,1
9,17,377,378,44,27,1,1,1
10,17,377,378,44,27,1,1,1
11,17,379,377,44,27,1,1,1
12,17,379,377,44,27,1,1,1
13,17,381,377,44,27,1,1,1
14,17,383,377,44,27,1,1,1
15,17,383,377,44,27,1,1,1
16,17,385,377,44,27,1,1,1
17,17,385,377,44,27,1,1,1
18,17,385,377,44,27,1,1,1
19,17,386,377,44,27,1,1,1
20,17,386,377,44,27,1,1,1
21,17,388,377,44,27,1,1,1
22,17,388,377,44,27,1,1,1
23,17,390,377,44,27,1,1,1
24,17,391,377,44,27,1,1,1
25,17,391,377,44,27,1,1,1
26,17,393,377,44,27,1,1,1
27,17,392,377,44,27,1,1,1
28,17,392,377,44,27,1,1,1
29,17,394,377,44,27,1,1,1
30,17,394,377,44,27,1,1,1
31,17,394,377,44,27,1,1,1
32,17,394,377,44,27,1,1,1
33,17,395,377,44,27,1,1,1
34,17,396,377,44,27,1,1,1
35,17,395,377,44,27,1,1,1
36,17,396,377,44,27,1,1,1
37,17,396,377,44,27,1,1,1
38,17,396,377,44,27,1,1,1
39,17,396,377,45,27,1,1,1
40,17,396,377,45,27,1,1,1
41,17,397,377,44,27,1,1,1
42,17,397,377,44,27,1,1,1
43,17,396,378,44,27,1,1,1
44,17,397,378,44,27,1,1,1
45,17,397,378,44,27,1,1,1
46,17,397,378,44,27,1,1,1
47,17,397,378,44,27,1,1,1
48,17,397,378,45,27,1,1,1
49,17,397,378,45,27,1,1,1
50,17,397,378,45,27,1,1,1
51,17,397,378,45,27,1,1,1
52,17,397,378,44,27,1,1,1
53,17,397,378,45,27,1,1,1
54,17,397,378,45,27,1,1,1
55,17,397,378,45,27,1,1,1
56,17,397,378,44,27,1,1,1
57,17,397,378,44,27,1,1,1
58,17,396,378,45,27,1,1,1
59,17,396,378,45,27,1,1,1
60,17,396,378,45,27,1,1,1
61,17,396,378,45,27,1,1,1
62,17,396,378,44,27,1,1,1
63,17,396,378,45,28,1,1,1
64,17,396,378,45,27,1,1,1
65,17,396,378,45,27,1,1,1
66,17,396,378,45,27,1,1,1
67,17,396,378,45,27,1,1,1
68,17,396,378,45,27,1,1,1
69,17,396,379,45,28,1,1,1
70,17,396,379,45,28,1,1,1
71,17,396,379,45,28,1,1,1
72,17,396,379,45,28,1,1,1
73,17,396,379,45,28,1,1,1
74,17,396,379,45,28,1,1,1
75,17,396,379,45,28,1,1,1
76,17,396,380,45,28,1,1,1
77,17,396,380,45,28,1,1,1
78,17,396,380,45,28,1,1,1
79,17,396,380,45,28,1,1,1
80,17,396,380,45,28,1,1,1
81,17,396,380,45,28,1,1,1
82,17,396,380,45,28,1,1,1
83,17,396,380,45,28,1,1,1
84,17,395,380,45,28,1,1,1
85,17,395,380,45,28,1,1,1
86,17,395,381,45,28,1,1,1
87,17,395,381,45,28,1,1,1
88,17,395,381,46,28,1,1,1
89,17,395,381,46,28,1,1,1
90,17,395,381,45,28,1,1,1
91,17,394,381,45,28,1,1,1
92,17,394,381,45,28,1,1,1
93,17,394,381,45,28,1,1,1
94,17,393,381,46,28,1,1,1
95,17,393,381,46,28,1,1,1
96,17,392,381,46,28,1,1,1
97,17,392,381,46,28,1,1,1
98,17,392,381,46,28,1,1,1
99,17,392,382,46,28,1,1,1
0,18,406,394,48,22,1,1,1
1,18,408,391,48,22,1,1,1
2,18,408,391,48,22,1,1,1
3,18,410,391,48,22,1,1,1
4,18,412,392,48,22,1,1,1
5,18,412,392,48,22,1,1,1
6,18,415,392,48,22,1,1,1
7,18,415,392,49,22,1,1,1
8,18,415,392,49,22,1,1,1
9,18,417,392,48,22,1,1,1
10,18,417,392,48,22,1,1,1
11,18,419,392,48,22,1,1,1
12,18,419,392,48,22,1,1,1
13,18,421,391,48,22,1,1,1
14,18,423,391,48,22,1,1,1
15,18,423,391,48,22,1,1,1
16,18,425,391,48,22,1,1,1
17,18,425,391,48,22,1,1,1
18,18,425,391,48,22,1,1,1
19,18,427,391,48,22,1,1,1
20,18,427,391,48,22,1,1,1
21,18,429,391,48,22,1,1,1
22,18,429,391,48,22,1,1,1
23,18,430,391,48,22,1,1,1
24,18,432,391,48,22,1,1,1
25,18,432,391,48,22,1,1,1
26,18,433,391,48,22,1,1,1
27,18,433,391,48,22,1,1,1
28,18,433,391,49,22,1,1,1
29,18,434,391,48,22,1,1,1
30,18,434,391,48,22,1,1,1
31,18,435,391,48,22,1,1,1
32,18,435,391,48,22,1,1,1
33,18,436,391,48,22,1,1,1
34,18,436,392,48,22,1,1,1
35,18,436,392,48,22,1,1,1
36,18,436,392,49,22,1,1,1
37,18,436,392,48,22,1,1,1
38,18,437,392,48,22,1,1,1
39,18,437,392,49,22,1,1,1
40,18,437,392,49,22,1,1,1
41,18,437,392,49,22,1,1,1
42,18,437,392,49,22,1,1,1
43,18,437,392,49,22,1,1,1
44,18,437,392,49,22,1,1,1
45,18,437,392,49,22,1,1,1
46,18,437,392,49,22,1,1,1
47,18,437,392,49,22,1,1,1
48,18,437,392,49,22,1,1,1
49,18,437,392,49,22,1,1,1
50,18,437,392,49,22,1,1,1
51,18,437,392,49,22,1,1,1
52,18,437,392,49,22,1,1,1
53,18,437,392,49,23,1,1,1
54,18,437,392,49,23,1,1,1
55,18,437,392,49,23,1,1,1
56,18,437,392,49,23,1,1,1
57,18,437,392,49,23,1,1,1
58,18,437,392,49,23,1,1,1
59,18,437,393,49,23,1,1,1
60,18,437,393,49,23,1,1,1
61,18,437,393,49,23,1,1,1
62,18,437,393,49,23,1,1,1
63,18,437,393,49,23,1,1,1
64,18,437,393,49,23,1,1,1
65,18,437,393,49,23,1,1,1
66,18,437,393,49,23,1,1,1
67,18,437,393,49,23,1,1,1
68,18,437,393,49,23,1,1,1
69,18,437,393,49,23,1,1,1
70,18,437,393,49,23,1,1,1
71,18,437,394,49,23,1,1,1
72,18,437,394,49,23,1,1,1
73,18,437,394,49,23,1,1,1
74,18,437,394,49,23,1,1,1
75,18,437,394,49,22,1,1,1
76,18,437,394,49,22,1,1,1
77,18,437,394,49,23,1,1,1
78,18,437,395,49,22,1,1,1
79,18,437,395,49,23,1,1,1
80,18,437,395,49,23,1,1,1
81,18,437,395,49,22,1,1,1
82,18,437,395,49,22,1,1,1
83,18,437,395,48,22,1,1,1
84,18,436,395,50,23,1,1,1
85,18,436,395,50,23,1,1,1
86,18,436,395,49,23,1,1,1
87,18,436,395,49,23,1,1,1
88,18,436,395,50,23,1,1,1
89,18,436,396,49,23,1,1,1
90,18,436,396,49,23,1,1,1
91,18,435,396,50,23,1,1,1
92,18,435,396,49,23,1,1,1
93,18,435,396,49,22,1,1,1
94,18,435,397,49,22,1,1,1
95,18,435,396,49,22,1,1,1
96,18,434,397,49,22,1,1,1
97,18,434,397,49,22,1,1,1
98,18,434,396,49,22,1,1,1
99,18,433,397,49,22,1,1,1
0,19,501,406,47,21,1,1,1
1,19,503,403,47,21,1,1,1
2,19,503,404,47,21,1,1,1
3,19,505,403,47,21,1,1,1
4,19,508,404,47,21,1,1,1
5,19,507,404,47,21,1,1,1
6,19,510,404,47,21,1,1,1
7,19,510,404,47,21,1,1,1
8,19,510,404,47,21,1,1,1
9,19,512,404,47,21,1,1,1
10,19,512,404,47,21,1,1,1
11,19,514,404,47,21,1,1,1
12,19,514,404,47,21,1,1,1
13,19,516,404,47,21,1,1,1
14,19,518,403,47,21,1,1,1
15,19,518,403,47,21,1,1,1
16,19,520,403,47,21,1,1,1
17,19,520,403,47,21,1,1,1
18,19,520,403,47,21,1,1,1
19,19,522,403,47,21,1,1,1
20,19,522,403,47,21,1,1,1
21,19,524,403,47,21,1,1,1
22,19,524,403,47,21,1,1,1
23,19,525,403,47,21,1,1,1
24,19,527,403,47,21,1,1,1
25,19,527,403,47,21,1,1,1
26,19,528,403,47,21,1,1,1
27,19,528,403,47,21,1,1,1
28,19,528,403,47,21,1,1,1
29,19,529,404,47,21,1,1,1
30,19,529,404,47,21,1,1,1
31,19,530,404,47,21,1,1,1
32,19,530,404,47,21,1,1,1
33,19,529,403,50,22,1,1,1
34,19,531,404,47,21,1,1,1
35,19,530,404,48,21,1,1,1
36,19,531,404,48,21,1,1,1
37,19,531,404,48,21,1,1,1
38,19,531,404,48,21,1,1,1
39,19,531,404,49,22,1,1,1
40,19,532,404,47,21,1,1,1
41,19,532,404,47,21,1,1,1
42,19,532,404,47,21,1,1,1
43,19,532,405,47,21,1,1,1
44,19,533,405,47,21,1,1,1
45,19,533,405,47,21,1,1,1
46,19,533,405,47,21,1,1,1
47,19,533,405,47,21,1,1,1
48,19,533,405,47,21,1,1,1
49,19,533,405,47,21,1,1,1
50,19,533,405,47,21,1,1,1
51,19,533,405,47,21,1,1,1
52,19,533,405,48,21,1,1,1
53,19,533,405,48,21,1,1,1
54,19,533,405,47,21,1,1,1
55,19,533,405,47,21,1,1,1
56,19,533,405,48,21,1,1,1
57,19,533,405,48,21,1,1,1
58,19,533,405,48,21,1,1,1
59,19,533,405,48,21,1,1,1
60,19,533,405,48,21,1,1,1
61,19,532,405,49,22,1,1,1
62,19,533,405,47,21,1,1,1
63,19,533,405,47,21,1,1,1
64,19,533,406,47,21,1,1,1
65,19,533,406,47,21,1,1,1
66,19,533,406,47,21,1,1,1
67,19,533,406,47,21,1,1,1
68,19,533,406,47,21,1,1,1
69,19,533,406,48,21,1,1,1
70,19,533,406,48,21,1,1,1
71,19,533,406,48,21,1,1,1
72,19,533,406,48,21,1,1,1
73,19,533,406,48,21,1,1,1
74,19,533,407,48,21,1,1,1
75,19,533,407,48,21,1,1,1
76,19,533,407,48,21,1,1,1
77,19,533,407,48,21,1,1,1
78,19,533,407,48,21,1,1,1
79,19,533,407,48,21,1,1,1
80,19,533,407,48,21,1,1,1
81,19,533,408,48,21,1,1,1
82,19,533,408,48,21,1,1,1
83,19,533,408,48,21,1,1,1
84,19,533,408,48,22,1,1,1
85,19,533,408,48,22,1,1,1
86,19,533,408,48,22,1,1,1
87,19,533,408,48,22,1,1,1
88,19,533,408,48,21,1,1,1
89,19,533,409,48,21,1,1,1
90,19,533,408,48,21,1,1,1
91,19,532,409,48,21,1,1,1
92,19,532,409,48,21,1,1,1
93,19,530,408,51,23,1,1,1
94,19,531,409,49,22,1,1,1
95,19,531,409,49,22,1,1,1
96,19,531,409,48,21,1,1,1
97,19,531,409,48,21,1,1,1
98,19,531,409,48,21,1,1,1
99,19,530,409,48,22,1,1,1
0,20,463,395,39,22,1,1,1
1,20,465,392,39,22,1,1,1
2,20,465,392,39,22,1,1,1
3,20,467,392,39,22,1,1,1
4,20,470,393,39,22,1,1,1
5,20,470,393,39,22,1,1,1
6,20,472,393,39,22,1,1,1
7,20,472,393,39,22,1,1,1
8,20,472,393,39,22,1,1,1
9,20,475,393,39,22,1,1,1
10,20,475,393,39,22,1,1,1
11,20,476,392,39,22,1,1,1
12,20,476,392,39,22,1,1,1
13,20,478,392,39,22,1,1,1
14,20,480,392,39,22,1,1,1
15,20,480,392,39,22,1,1,1
16,20,482,392,39,22,1,1,1
17,20,482,392,39,22,1,1,1
18,20,482,392,39,22,1,1,1
19,20,484,392,39,22,1,1,1
20,20,484,392,39,22,1,1,1
21,20,486,392,39,22,1,1,1
22,20,486,392,39,22,1,1,1
23,20,487,392,39,22,1,1,1
24,20,489,392,39,22,1,1,1
25,20,489,392,39,22,1,1,1
26,20,490,392,39,22,1,1,1
27,20,490,392,39,22,1,1,1
28,20,490,392,39,22,1,1,1
29,20,491,392,39,22,1,1,1
30,20,491,392,39,22,1,1,1
31,20,492,392,39,22,1,1,1
32,20,492,392,39,22,1,1,1
33,20,493,392,40,22,1,1,1
34,20,493,393,40,22,1,1,1
35,20,493,393,40,22,1,1,1
36,20,494,393,40,22,1,1,1
37,20,494,393,40,22,1,1,1
38,20,494,393,40,22,1,1,1
39,20,494,393,40,22,1,1,1
40,20,494,393,40,22,1,1,1
41,20,494,393,40,22,1,1,1
42,20,494,393,40,22,1,1,1
43,20,494,393,40,22,1,1,1
44,20,495,393,40,22,1,1,1
45,20,495,393,40,22,1,1,1
46,20,495,393,40,22,1,1,1
47,20,495,393,40,22,1,1,1
48,20,495,393,40,22,1,1,1
49,20,495,393,40,22,1,1,1
50,20,495,393,40,22,1,1,1
51,20,495,393,40,22,1,1,1
52,20,495,393,40,22,1,1,1
53,20,495,393,40,22,1,1,1
54,20,495,393,40,22,1,1,1
55,20,495,393,40,22,1,1,1
56,20,495,394,40,22,1,1,1
57,20,495,394,40,22,1,1,1
58,20,495,394,40,22,1,1,1
59,20,495,394,40,22,1,1,1
60,20,495,394,40,22,1,1,1
61,20,495,394,40,22,1,1,1
62,20,495,394,40,22,1,1,1
63,20,495,394,40,22,1,1,1
64,20,495,394,40,22,1,1,1
65,20,495,394,40,22,1,1,1
66,20,495,394,40,22,1,1,1
67,20,495,394,40,22,1,1,1
68,20,495,394,40,22,1,1,1
69,20,495,394,40,23,1,1,1
70,20,495,394,40,23,1,1,1
71,20,495,395,40,23,1,1,1
72,20,495,395,40,23,1,1,1
73,20,495,395,40,23,1,1,1
74,20,495,395,40,23,1,1,1
75,20,495,395,40,23,1,1,1
76,20,495,395,40,23,1,1,1
77,20,495,395,40,23,1,1,1
78,20,495,395,40,23,1,1,1
79,20,495,396,40,23,1,1,1
80,20,495,396,40,23,1,1,1
81,20,495,396,40,23,1,1,1
82,20,495,396,40,23,1,1,1
83,20,495,396,40,23,1,1,1
84,20,495,396,40,23,1,1,1
85,20,495,396,40,23,1,1,1
86,20,494,397,40,23,1,1,1
87,20,494,397,40,23,1,1,1
88,20,494,397,40,23,1,1,1
89,20,494,397,40,23,1,1,1
90,20,494,397,40,23,1,1,1
91,20,494,397,40,23,1,1,1
92,20,494,397,40,23,1,1,1
93,20,494,397,40,23,1,1,1
94,20,493,397,40,23,1,1,1
95,20,493,397,40,23,1,1,1
96,20,492,397,40,23,1,1,1
97,20,492,398,40,23,1,1,1
98,20,492,398,40,23,1,1,1
99,20,492,398,40,23,1,1,1
0,21,408,466,36,25,1,1,1
1,21,408,465,36,25,1,1,1
2,21,409,464,36,25,1,1,1
3,21,410,465,34,24,1,1,1
4,21,411,465,34,24,1,1,1
5,21,412,465,34,24,1,1,1
6,21,412,465,34,24,1,1,1
7,21,412,465,34,24,1,1,1
8,21,413,465,33,23,1,1,1
9,21,415,465,33,23,1,1,1
10,21,413,465,33,23,1,1,1
11,21,414,463,33,23,1,1,1
12,21,413,464,34,24,1,1,1
13,21,412,463,34,24,1,1,1
14,21,413,462,34,24,1,1,1
15,21,413,461,34,24,1,1,1
16,21,414,462,33,23,1,1,1
17,21,414,462,33,23,1,1,1
18,21,413,461,33,23,1,1,1
19,21,414,460,33,23,1,1,1
20,21,412,460,34,24,1,1,1
21,21,414,461,33,23,1,1,1
22,21,414,460,33,23,1,1,1
23,21,412,460,33,23,1,1,1
24,21,412,458,33,23,1,1,1
25,21,413,459,31,22,1,1,1
26,21,414,460,30,21,1,1,1
27,21,414,461,30,21,1,1,1
28,21,414,461,30,21,1,1,1
29,21,413,459,31,22,1,1,1
30,21,413,460,31,22,1,1,1
31,21,412,458,31,22,1,1,1
32,21,412,459,31,22,1,1,1
33,21,410,457,33,23,1,1,1
34,21,407,457,33,23,1,1,1
35,21,406,456,34,24,1,1,1
36,21,406,457,33,23,1,1,1
37,21,405,456,33,23,1,1,1
38,21,405,457,33,23,1,1,1
39,21,405,456,33,23,1,1,1
40,21,404,455,33,23,1,1,1
41,21,403,455,31,22,1,1,1
42,21,403,455,31,22,1,1,1
43,21,403,455,31,22,1,1,1
44,21,401,455,31,22,1,1,1
45,21,402,455,30,21,1,1,1
46,21,399,455,30,21,1,1,1
47,21,399,455,30,21,1,1,1
48,21,400,455,30,21,1,1,1
49,21,398,455,30,21,1,1,1
50,21,398,454,30,21,1,1,1
51,21,397,454,30,21,1,1,1
52,21,397,454,30,21,1,1,1
53,21,395,455,30,21,1,1,1
54,21,393,453,30,21,1,1,1
55,21,394,454,30,21,1,1,1
56,21,393,453,30,21,1,1,1
57,21,393,454,30,21,1,1,1
58,21,393,453,30,21,1,1,1
59,21,390,453,30,21,1,1,1
60,21,391,454,30,21,1,1,1
61,21,390,454,30,21,1,1,1
62,21,389,454,30,21,1,1,1
63,21,388,453,30,21,1,1,1
64,21,385,452,30,21,1,1,1
65,21,386,453,30,21,1,1,1
66,21,385,452,30,21,1,1,1
67,21,383,451,30,21,1,1,1
68,21,383,450,30,21,1,1,1
69,21,382,451,30,21,1,1,1
70,21,381,451,31,22,1,1,1
71,21,380,449,31,22,1,1,1
72,21,380,450,31,22,1,1,1
73,21,378,449,30,21,1,1,1
74,21,376,450,30,21,1,1,1
75,21,376,450,30,21,1,1,1
76,21,375,449,31,22,1,1,1
77,21,374,449,31,22,1,1,1
78,21,374,448,31,22,1,1,1
79,21,373,449,31,22,1,1,1
80,21,373,449,31,22,1,1,1
81,21,371,448,33,23,1,1,1
82,21,370,448,33,23,1,1,1
83,21,369,447,33,23,1,1,1
84,21,367,447,33,23,1,1,1
85,21,369,447,31,22,1,1,1
86,21,366,448,31,22,1,1,1
87,21,366,448,31,22,1,1,1
88,21,366,446,31,22,1,1,1
89,21,364,446,31,22,1,1,1
90,21,363,447,31,22,1,1,1
91,21,361,446,31,22,1,1,1
92,21,362,447,31,22,1,1,1
93,21,360,446,30,21,1,1,1
94,21,359,446,30,21,1,1,1
95,21,358,446,30,21,1,1,1
96,21,354,446,31,22,1,1,1
97,21,355,445,31,22,1,1,1
98,21,354,445,31,22,1,1,1
99,21,352,445,31,22,1,1,1
0,23,807,548,40,24,1,1,1
1,23,808,545,40,24,1,1,1
2,23,808,545,40,24,1,1,1
3,23,808,545,40,24,1,1,1
4,23,809,545,40,24,1,1,1
5,23,809,545,40,24,1,1,1
6,23,810,545,40,24,1,1,1
7,23,810,545,40,24,1,1,1
8,23,809,545,40,24,1,1,1
9,23,810,544,41,25,1,1,1
10,23,810,544,41,25,1,1,1
11,23,810,544,41,25,1,1,1
12,23,810,544,41,25,1,1,1
13,23,810,543,42,25,1,1,1
14,23,811,543,41,24,1,1,1
15,23,811,543,41,24,1,1,1
16,23,812,543,41,25,1,1,1
17,23,811,542,42,25,1,1,1
18,23,811,542,42,25,1,1,1
19,23,812,543,40,24,1,1,1
20,23,812,543,40,24,1,1,1
21,23,811,542,41,25,1,1,1
22,23,811,542,41,25,1,1,1
23,23,812,542,41,24,1,1,1
24,23,812,542,40,24,1,1,1
25,23,812,542,41,24,1,1,1
26,23,812,542,40,24,1,1,1
27,23,812,542,40,24,1,1,1
28,23,812,542,40,24,1,1,1
29,23,810,541,41,25,1,1,1
30,23,810,541,41,25,1,1,1
31,23,809,541,41,25,1,1,1
32,23,809,541,41,25,1,1,1
33,23,808,541,42,25,1,1,1
34,23,807,541,41,25,1,1,1
35,23,809,542,39,23,1,1,1
36,23,806,541,40,24,1,1,1
37,23,806,541,40,24,1,1,1
38,23,805,541,41,25,1,1,1
39,23,807,542,38,23,1,1,1
40,23,808,542,37,22,1,1,1
41,23,806,542,38,23,1,1,1
42,23,806,542,38,23,1,1,1
43,23,805,542,37,22,1,1,1
44,23,804,542,36,22,1,1,1
45,23,804,542,36,22,1,1,1
46,23,803,542,35,21,1,1,1
47,23,803,542,35,21,1,1,1
48,23,803,543,35,21,1,1,1
49,23,801,542,35,21,1,1,1
50,23,801,542,35,21,1,1,1
51,23,799,542,35,21,1,1,1
52,23,799,542,35,21,1,1,1
53,23,798,542,35,21,1,1,1
54,23,795,541,36,22,1,1,1
55,23,795,541,36,22,1,1,1
56,23,793,540,38,23,1,1,1
57,23,792,540,37,22,1,1,1
58,23,792,540,37,22,1,1,1
59,23,790,540,39,23,1,1,1
60,23,790,540,39,23,1,1,1
61,23,788,539,39,23,1,1,1
62,23,788,539,39,23,1,1,1
63,23,787,539,38,23,1,1,1
64,23,785,539,38,23,1,1,1
65,23,785,539,38,23,1,1,1
66,23,784,539,38,23,1,1,1
67,23,784,539,38,23,1,1,1
68,23,784,539,38,23,1,1,1
69,23,782,539,37,22,1,1,1
70,23,782,539,37,22,1,1,1
71,23,781,539,37,22,1,1,1
72,23,781,539,37,22,1,1,1
73,23,780,539,37,22,1,1,1
74,23,779,540,36,22,1,1,1
75,23,779,540,36,22,1,1,1
76,23,778,540,34,21,1,1,1
77,23,778,540,34,21,1,1,1
78,23,778,540,34,20,1,1,1
79,23,777,541,33,20,1,1,1
80,23,777,541,33,20,1,1,1
81,23,776,541,33,20,1,1,1
82,23,776,541,33,20,1,1,1
83,23,775,541,31,19,1,1,1
84,23,774,541,31,18,1,1,1
85,23,774,541,31,18,1,1,1
86,23,772,541,31,18,1,1,1
87,23,772,541,31,18,1,1,1
88,23,772,541,31,18,1,1,1
89,23,770,541,31,18,1,1,1
90,23,770,541,31,18,1,1,1
91,23,768,541,31,18,1,1,1
92,23,768,541,31,18,1,1,1
93,23,767,541,30,18,1,1,1
94,23,764,541,30,18,1,1,1
95,23,764,541,30,18,1,1,1
96,23,762,540,30,18,1,1,1
97,23,762,540,30,18,1,1,1
98,23,762,540,30,18,1,1,1
99,23,760,541,30,18,1,1,1
0,26,1162,596,47,20,1,1,1
1,26,1167,595,47,20,1,1,1
2,26,1168,594,47,20,1,1,1
3,26,1172,594,47,20,1,1,1
4,26,1178,596,47,20,1,1,1
5,26,1180,595,45,19,1,1,1
6,26,1183,598,43,18,1,1,1
7,26,1183,596,43,18,1,1,1
8,26,1184,597,41,17,1,1,1
9,26,1186,596,43,18,1,1,1
10,26,1186,596,43,18,1,1,1
11,26,1187,599,43,18,1,1,1
12,26,1188,598,43,18,1,1,1
13,26,1191,599,43,18,1,1,1
14,26,1194,599,43,18,1,1,1
15,26,1194,598,43,18,1,1,1
16,26,1197,599,45,19,1,1,1
17,26,1197,598,47,20,1,1,1
18,26,1197,599,47,20,1,1,1
19,26,1199,599,47,20,1,1,1
20,26,1200,599,47,20,1,1,1
21,26,1206,601,47,20,1,1,1
22,26,1205,600,49,21,1,1,1
23,26,1207,602,47,20,1,1,1
24,26,1213,602,47,20,1,1,1
25,26,1213,602,47,20,1,1,1
26,26,1219,603,47,20,1,1,1
27,26,1220,604,47,20,1,1,1
28,26,1220,604,47,20,1,1,1
29,26,1224,605,47,20,1,1,1
30,26,1223,604,47,20,1,1,1
31,26,1228,606,47,20,1,1,1
32,26,1228,605,47,20,1,1,1
33,26,1231,606,47,20,1,1,1
34,26,1234,608,47,20,1,1,1
35,26,1234,608,47,20,1,1,1
36,26,1238,608,47,20,1,1,1
37,26,1238,608,47,20,1,1,1
38,26,1238,609,47,20,1,1,1
39,26,1242,610,47,20,1,1,1
40,26,1245,611,45,19,1,1,1
41,26,1250,612,43,18,1,1,1
42,26,1251,613,43,18,1,1,1
43,26,1254,614,43,18,1,1,1
44,26,1261,614,45,19,1,1,1
45,26,1262,615,47,20,1,1,1
46,26,1262,615,49,21,1,1,1
47,26,1264,615,49,21,1,1,1
48,26,1263,614,49,21,1,1,1
49,26,1265,616,49,21,1,1,1
50,26,1266,616,49,21,1,1,1
51,26,1268,617,49,21,1,1,1
52,26,1269,617,49,21,1,1,1
53,26,1270,616,49,21,1,1,1
54,26,1270,618,52,22,1,1,1
55,26,1272,618,49,21,1,1,1
56,26,1275,619,49,21,1,1,1
57,26,1276,619,49,21,1,1,1
58,26,1276,619,49,21,1,1,1
59,26,1278,619,49,21,1,1,1
60,26,1278,620,49,21,1,1,1
61,26,1281,620,49,21,1,1,1
62,26,1282,621,49,21,1,1,1
63,26,1283,620,49,21,1,1,1
64,26,1287,621,47,20,1,1,1
65,26,1288,622,45,19,1,1,1
66,26,1288,622,45,19,1,1,1
67,26,1288,623,45,19,1,1,1
68,26,1288,622,45,19,1,1,1
69,26,1291,623,45,19,1,1,1
70,26,1291,624,45,19,1,1,1
71,26,1293,623,45,19,1,1,1
72,26,1293,623,45,19,1,1,1
73,26,1293,623,45,19,1,1,1
74,26,1295,624,45,19,1,1,1
75,26,1294,624,45,19,1,1,1
0,28,947,512,39,19,1,1,1
1,28,950,509,39,19,1,1,1
2,28,950,509,39,19,1,1,1
3,28,952,510,40,19,1,1,1
4,28,955,510,39,19,1,1,1
5,28,955,510,39,19,1,1,1
6,28,958,511,39,19,1,1,1
7,28,958,511,38,19,1,1,1
8,28,959,511,38,19,1,1,1
9,28,963,511,35,17,1,1,1
10,28,963,511,35,17,1,1,1
11,28,965,511,35,17,1,1,1
12,28,965,511,35,17,1,1,1
13,28,968,512,35,17,1,1,1
14,28,970,512,34,17,1,1,1
15,28,970,512,34,17,1,1,1
16,28,973,512,33,16,1,1,1
17,28,973,512,33,16,1,1,1
18,28,973,512,32,16,1,1,1
19,28,974,512,37,18,1,1,1
20,28,976,512,32,16,1,1,1
21,28,978,513,32,16,1,1,1
22,28,978,513,32,16,1,1,1
23,28,980,512,36,18,1,1,1
24,28,982,513,37,18,1,1,1
25,28,982,513,33,16,1,1,1
26,28,985,513,36,17,1,1,1
27,28,985,513,36,18,1,1,1
28,28,985,513,36,18,1,1,1
29,28,986,514,30,14,1,1,1
30,28,986,514,30,14,1,1,1
31,28,988,515,29,14,1,1,1
32,28,988,515,29,14,1,1,1
33,28,989,515,30,15,1,1,1
34,28,990,515,30,15,1,1,1
35,28,990,515,31,15,1,1,1
36,28,992,516,29,14,1,1,1
37,28,992,516,29,14,1,1,1
38,28,992,516,29,14,1,1,1
39,28,992,516,28,14,1,1,1
40,28,992,516,28,14,1,1,1
41,28,993,517,29,14,1,1,1
42,28,993,517,29,14,1,1,1
43,28,993,517,30,14,1,1,1
44,28,994,517,30,15,1,1,1
45,28,994,517,30,15,1,1,1
46,28,994,517,31,15,1,1,1
47,28,994,517,31,15,1,1,1
48,28,994,517,31,15,1,1,1
49,28,995,517,31,15,1,1,1
50,28,995,517,31,15,1,1,1
51,28,995,518,31,15,1,1,1
52,28,995,518,31,15,1,1,1
53,28,996,518,31,15,1,1,1
54,28,996,518,32,15,1,1,1
55,28,996,518,32,15,1,1,1
56,28,997,518,31,15,1,1,1
57,28,997,518,31,15,1,1,1
58,28,997,518,31,15,1,1,1
59,28,997,518,32,16,1,1,1
60,28,997,518,32,16,1,1,1
61,28,998,519,32,16,1,1,1
62,28,998,519,32,16,1,1,1
63,28,998,519,32,16,1,1,1
64,28,999,519,32,16,1,1,1
65,28,999,519,32,16,1,1,1
66,28,1000,520,33,16,1,1,1
67,28,1000,520,33,16,1,1,1
68,28,1000,520,33,16,1,1,1
69,28,1001,520,32,16,1,1,1
70,28,1001,520,32,16,1,1,1
71,28,1002,521,32,16,1,1,1
72,28,1002,521,32,16,1,1,1
73,28,1003,521,31,15,1,1,1
74,28,1003,522,32,15,1,1,1
75,28,1003,522,32,15,1,1,1
76,28,1004,522,32,15,1,1,1
77,28,1004,522,32,15,1,1,1
78,28,1004,522,32,15,1,1,1
79,28,1005,523,31,15,1,1,1
80,28,1005,523,31,15,1,1,1
81,28,1007,524,31,15,1,1,1
82,28,1007,524,31,15,1,1,1
83,28,1007,524,31,15,1,1,1
84,28,1007,525,31,15,1,1,1
85,28,1007,525,31,15,1,1,1
86,28,1007,525,31,15,1,1,1
87,28,1007,525,31,15,1,1,1
88,28,1007,525,31,15,1,1,1
89,28,1008,526,31,15,1,1,1
90,28,1008,526,31,15,1,1,1
91,28,1008,526,31,15,1,1,1
92,28,1008,526,31,15,1,1,1
93,28,1009,527,31,15,1,1,1
94,28,1009,527,31,15,1,1,1
95,28,1010,527,31,15,1,1,1
96,28,1011,528,30,15,1,1,1
97,28,1011,528,30,15,1,1,1
98,28,1011,528,30,15,1,1,1
99,28,1012,529,29,14,1,1,1
0,29,344,601,35,22,1,1,1
1,29,340,600,33,21,1,1,1
2,29,340,600,33,21,1,1,1
3,29,333,601,35,22,1,1,1
4,29,328,603,35,22,1,1,1
5,29,328,603,34,22,1,1,1
6,29,322,604,36,23,1,1,1
7,29,322,604,36,23,1,1,1
8,29,322,604,36,23,1,1,1
9,29,317,606,35,22,1,1,1
10,29,317,606,35,22,1,1,1
11,29,312,607,35,22,1,1,1
12,29,312,607,35,22,1,1,1
13,29,305,609,35,22,1,1,1
14,29,299,610,36,23,1,1,1
15,29,299,610,36,23,1,1,1
16,29,293,611,36,22,1,1,1
17,29,293,611,36,22,1,1,1
18,29,293,611,36,22,1,1,1
19,29,287,613,35,22,1,1,1
20,29,287,613,36,22,1,1,1
21,29,280,614,36,23,1,1,1
22,29,280,614,36,23,1,1,1
23,29,273,616,37,23,1,1,1
24,29,266,617,37,23,1,1,1
25,29,266,617,37,23,1,1,1
26,29,258,619,37,23,1,1,1
27,29,258,619,37,23,1,1,1
28,29,258,619,37,23,1,1,1
29,29,250,621,36,23,1,1,1
30,29,250,621,36,23,1,1,1
31,29,243,623,34,22,1,1,1
32,29,243,623,34,22,1,1,1
33,29,236,625,34,21,1,1,1
34,29,229,628,32,20,1,1,1
35,29,229,628,32,20,1,1,1
36,29,221,629,33,20,1,1,1
37,29,221,629,33,20,1,1,1
38,29,221,629,33,20,1,1,1
39,29,215,632,32,20,1,1,1
40,29,215,632,32,20,1,1,1
41,29,207,633,35,22,1,1,1
42,29,207,633,35,22,1,1,1
43,29,199,635,37,23,1,1,1
44,29,189,635,43,27,1,1,1
45,29,189,635,43,27,1,1,1
46,29,179,637,41,26,1,1,1
47,29,179,638,40,25,1,1,1
48,29,179,638,40,25,1,1,1
49,29,169,639,41,26,1,1,1
50,29,169,639,41,26,1,1,1
51,29,158,641,41,26,1,1,1
52,29,158,641,41,26,1,1,1
53,29,147,642,41,26,1,1,1
54,29,135,643,42,26,1,1,1
55,29,135,643,42,26,1,1,1
56,29,124,644,42,26,1,1,1
57,29,124,644,42,26,1,1,1
58,29,124,644,42,26,1,1,1
59,29,112,646,42,27,1,1,1
60,29,112,646,43,27,1,1,1
61,29,100,647,43,27,1,1,1
62,29,100,647,43,27,1,1,1
63,29,89,649,42,26,1,1,1
64,29,76,651,42,26,1,1,1
65,29,76,651,42,26,1,1,1
66,29,64,652,41,26,1,1,1
67,29,64,652,41,26,1,1,1
68,29,64,652,41,26,1,1,1
69,29,52,653,42,26,1,1,1
70,29,52,653,42,26,1,1,1
71,29,41,655,42,26,1,1,1
72,29,41,655,42,26,1,1,1
73,29,28,657,43,27,1,1,1
74,29,16,659,43,27,1,1,1
75,29,16,659,42,27,1,1,1
76,29,3,661,43,27,1,1,1
77,29,3,661,43,27,1,1,1
78,29,4,661,42,27,1,1,1
79,29,-7,664,41,26,1,1,1
80,29,-7,664,41,26,1,1,1
81,29,-7,664,41,26,1,1,1
0,30,1838,753,76,30,1,1,1
1,30,1840,751,76,30,1,1,1
2,30,1840,751,76,30,1,1,1
3,30,1842,752,77,31,1,1,1
4,30,1847,755,76,30,1,1,1
5,30,1847,755,76,30,1,1,1
6,30,1853,758,72,28,1,1,1
7,30,1853,758,72,28,1,1,1
8,30,1853,758,72,28,1,1,1
9,30,1857,760,71,28,1,1,1
10,30,1857,760,71,28,1,1,1
11,30,1859,761,72,28,1,1,1
12,30,1859,761,72,28,1,1,1
13,30,1861,764,73,29,1,1,1
14,30,1864,766,73,29,1,1,1
15,30,1864,766,73,29,1,1,1
16,30,1866,768,73,29,1,1,1
17,30,1866,768,73,29,1,1,1
18,30,1866,768,73,29,1,1,1
19,30,1868,770,74,29,1,1,1
20,30,1868,770,74,29,1,1,1
21,30,1871,772,74,29,1,1,1
22,30,1871,771,73,29,1,1,1
23,30,1873,773,73,29,1,1,1
24,30,1875,775,74,29,1,1,1
25,30,1875,775,74,29,1,1,1
26,30,1878,777,75,30,1,1,1
27,30,1878,777,75,30,1,1,1
28,30,1878,778,75,30,1,1,1
29,30,1882,779,76,30,1,1,1
30,30,1882,779,76,30,1,1,1
31,30,1883,782,81,32,1,1,1
32,30,1883,782,81,32,1,1,1
33,30,1888,784,78,31,1,1,1
34,30,1891,785,77,30,1,1,1
35,30,1891,785,77,30,1,1,1
36,30,1895,790,69,27,1,1,1
37,30,1895,790,69,27,1,1,1
38,30,1895,790,69,27,1,1,1
39,30,1898,792,65,26,1,1,1
40,30,1898,792,65,26,1,1,1
41,30,1901,794,66,26,1,1,1
42,30,1901,794,66,26,1,1,1
43,30,1904,796,65,26,1,1,1
45,33,1462,622,66,18,1,1,1
46,33,1457,623,66,18,1,1,1
47,33,1456,623,66,18,1,1,1
48,33,1455,623,66,18,1,1,1
49,33,1453,623,69,19,1,1,1
50,33,1453,624,69,19,1,1,1
51,33,1450,623,73,20,1,1,1
52,33,1451,623,76,21,1,1,1
53,33,1446,625,76,21,1,1,1
54,33,1443,627,73,20,1,1,1
55,33,1446,626,69,19,1,1,1
56,33,1444,628,69,19,1,1,1
57,33,1447,629,66,18,1,1,1
58,33,1447,628,66,18,1,1,1
59,33,1443,629,69,19,1,1,1
60,33,1442,629,69,19,1,1,1
61,33,1440,629,73,20,1,1,1
62,33,1440,629,73,20,1,1,1
63,33,1438,631,73,20,1,1,1
64,33,1436,632,73,20,1,1,1
65,33,1435,632,73,20,1,1,1
66,33,1433,634,73,20,1,1,1
67,33,1433,634,73,20,1,1,1
68,33,1433,633,73,20,1,1,1
69,33,1432,637,69,19,1,1,1
70,33,1432,636,69,19,1,1,1
71,33,1426,638,73,20,1,1,1
72,33,1427,638,73,20,1,1,1
73,33,1427,639,73,20,1,1,1
74,33,1424,640,73,20,1,1,1
75,33,1425,640,73,20,1,1,1
76,33,1424,642,73,20,1,1,1
77,33,1423,641,73,20,1,1,1
78,33,1424,641,73,20,1,1,1
79,33,1418,643,73,20,1,1,1
80,33,1418,643,73,20,1,1,1
81,33,1414,645,73,20,1,1,1
82,33,1413,644,73,20,1,1,1
83,33,1411,646,73,20,1,1,1
84,33,1409,648,73,20,1,1,1
85,33,1407,647,73,20,1,1,1
86,33,1405,649,73,20,1,1,1
87,33,1405,648,73,20,1,1,1
88,33,1406,649,73,20,1,1,1
89,33,1403,651,73,20,1,1,1
90,33,1403,650,73,20,1,1,1
91,33,1399,652,73,20,1,1,1
92,33,1399,651,73,20,1,1,1
93,33,1395,653,73,20,1,1,1
94,33,1393,653,73,20,1,1,1
95,33,1392,654,73,20,1,1,1
96,33,1387,654,73,20,1,1,1
97,33,1387,655,76,21,1,1,1
98,33,1388,655,73,20,1,1,1
99,33,1384,657,73,20,1,1,1
76,35,1307,627,51,24,1,1,1
77,35,1307,627,51,24,1,1,1
78,35,1307,627,51,24,1,1,1
79,35,1309,628,51,24,1,1,1
80,35,1308,627,51,24,1,1,1
81,35,1310,629,51,24,1,1,1
82,35,1311,628,51,24,1,1,1
83,35,1313,630,51,24,1,1,1
84,35,1314,631,51,24,1,1,1
85,35,1314,632,51,24,1,1,1
86,35,1316,632,51,24,1,1,1
87,35,1317,633,51,24,1,1,1
88,35,1317,632,51,24,1,1,1
89,35,1320,635,51,24,1,1,1
90,35,1320,634,51,24,1,1,1
91,35,1320,633,54,25,1,1,1
92,35,1319,634,56,26,1,1,1
93,35,1324,636,56,26,1,1,1
94,35,1322,636,56,26,1,1,1
95,35,1322,636,56,26,1,1,1
96,35,1325,637,56,26,1,1,1
97,35,1328,638,56,26,1,1,1
98,35,1329,638,56,26,1,1,1
99,35,1331,639,59,28,1,1,1
11,36,2,811,121,72,1,1,1
12,36,0,816,121,72,1,1,1
13,36,18,814,115,69,1,1,1
14,36,31,811,121,72,1,1,1
15,36,31,806,127,76,1,1,1
16,36,44,804,127,76,1,1,1
17,36,46,805,127,76,1,1,1
18,36,41,802,133,79,1,1,1
19,36,45,799,140,83,1,1,1
20,36,39,798,147,88,1,1,1
21,36,51,793,154,92,1,1,1
22,36,61,792,147,88,1,1,1
23,36,65,790,154,92,1,1,1
24,36,78,789,154,92,1,1,1
25,36,80,787,154,92,1,1,1
26,36,88,783,162,96,1,1,1
27,36,88,783,162,96,1,1,1
28,36,94,784,154,92,1,1,1
29,36,111,784,147,88,1,1,1
30,36,109,781,154,92,1,1,1
31,36,118,781,154,92,1,1,1
32,36,124,778,154,92,1,1,1
33,36,126,779,154,92,1,1,1
34,36,136,777,154,92,1,1,1
35,36,134,777,154,92,1,1,1
36,36,149,776,154,92,1,1,1
37,36,151,776,154,92,1,1,1
38,36,159,776,147,88,1,1,1
39,36,170,773,147,88,1,1,1
40,36,177,770,147,88,1,1,1
41,36,186,769,147,88,1,1,1
42,36,185,768,147,88,1,1,1
43,36,200,765,147,88,1,1,1
44,36,218,764,147,88,1,1,1
45,36,224,766,140,83,1,1,1
46,36,229,764,140,83,1,1,1
47,36,229,765,140,83,1,1,1
48,36,225,762,147,88,1,1,1
49,36,230,761,147,88,1,1,1
50,36,230,761,147,88,1,1,1
51,36,242,759,147,88,1,1,1
52,36,237,758,154,92,1,1,1
53,36,252,756,154,92,1,1,1
54,36,268,752,154,92,1,1,1
55,36,270,752,154,92,1,1,1
56,36,282,749,154,92,1,1,1
57,36,284,750,154,92,1,1,1
58,36,278,749,162,96,1,1,1
59,36,291,748,154,92,1,1,1
60,36,290,748,154,92,1,1,1
61,36,300,746,154,92,1,1,1
62,36,304,748,147,88,1,1,1
63,36,312,746,147,88,1,1,1
64,36,323,742,147,88,1,1,1
65,36,325,743,147,88,1,1,1
66,36,331,740,147,88,1,1,1
67,36,332,740,147,88,1,1,1
68,36,334,743,140,83,1,1,1
69,36,343,742,140,83,1,1,1
70,36,344,742,140,83,1,1,1
71,36,352,742,140,83,1,1,1
72,36,357,744,133,79,1,1,1
73,36,367,740,127,76,1,1,1
74,36,373,738,127,76,1,1,1
75,36,373,738,127,76,1,1,1
76,36,378,738,127,76,1,1,1
77,36,382,740,121,72,1,1,1
78,36,381,739,121,72,1,1,1
79,36,384,737,127,76,1,1,1
80,36,388,737,121,72,1,1,1
81,36,391,739,121,72,1,1,1
82,36,390,739,121,72,1,1,1
83,36,397,738,121,72,1,1,1
84,36,405,737,121,72,1,1,1
85,36,404,736,121,72,1,1,1
86,36,411,734,121,72,1,1,1
87,36,410,735,121,72,1,1,1
88,36,410,735,121,72,1,1,1
89,36,418,734,115,69,1,1,1
90,36,415,732,121,72,1,1,1
91,36,422,734,115,69,1,1,1
92,36,423,734,115,69,1,1,1
93,36,432,732,110,65,1,1,1
94,36,439,728,110,65,1,1,1
95,36,443,727,105,62,1,1,1
96,36,445,730,105,62,1,1,1
97,36,444,730,105,62,1,1,1
98,36,444,730,105,62,1,1,1
99,36,443,733,105,62,1,1,1
0,38,1068,506,36,18,1,1,1
1,38,1070,503,36,18,1,1,1
2,38,1070,504,36,18,1,1,1
3,38,1073,504,36,18,1,1,1
4,38,1077,504,36,18,1,1,1
5,38,1077,504,36,18,1,1,1
6,38,1080,505,35,18,1,1,1
7,38,1080,505,35,18,1,1,1
8,38,1080,505,35,18,1,1,1
9,38,1083,505,35,18,1,1,1
10,38,1083,505,35,18,1,1,1
11,38,1084,505,36,18,1,1,1
12,38,1084,505,36,18,1,1,1
13,38,1086,505,37,18,1,1,1
14,38,1089,506,37,18,1,1,1
15,38,1088,505,37,19,1,1,1
16,38,1091,506,37,18,1,1,1
17,38,1091,506,37,18,1,1,1
18,38,1091,506,37,18,1,1,1
19,38,1094,506,37,18,1,1,1
20,38,1094,506,37,18,1,1,1
21,38,1096,506,37,19,1,1,1
22,38,1096,507,37,18,1,1,1
23,38,1098,507,37,19,1,1,1
24,38,1100,507,37,19,1,1,1
25,38,1100,507,37,19,1,1,1
26,38,1101,508,37,19,1,1,1
27,38,1101,508,37,19,1,1,1
28,38,1101,508,37,19,1,1,1
29,38,1103,508,37,19,1,1,1
30,38,1103,508,38,19,1,1,1
31,38,1105,509,37,19,1,1,1
32,38,1105,509,37,19,1,1,1
33,38,1106,509,37,18,1,1,1
34,38,1108,509,37,18,1,1,1
35,38,1108,509,37,18,1,1,1
36,38,1109,510,37,18,1,1,1
37,38,1109,510,37,18,1,1,1
38,38,1109,510,37,18,1,1,1
39,38,1110,510,37,19,1,1,1