0 1 0.537760 0.384259 0.021354 0.020370
0 2 0.509896 0.381019 0.019792 0.019444
0 3 0.475521 0.389352 0.023958 0.019444
0 4 0.366146 0.411111 0.031250 0.016667
0 5 0.184115 0.439815 0.057813 0.031481
0 6 0.122917 0.447685 0.063542 0.028704
0 8 0.656250 0.375463 0.027083 0.028704
0 9 0.670312 0.438889 0.029167 0.040741
0 10 0.699219 0.422222 0.026562 0.029630
0 11 0.734375 0.400926 0.041667 0.027778
0 12 0.655208 0.412037 0.051042 0.040741
0 13 0.524740 0.645370 0.063021 0.137037
0 14 0.759115 0.925000 0.229687 0.342593
