0 1 0.519531 0.382407 0.021354 0.020370
0 2 0.488802 0.382407 0.017188 0.016667
0 3 0.458854 0.387963 0.020833 0.016667
0 4 0.355469 0.406944 0.032813 0.017593
0 5 0.196094 0.431481 0.047396 0.025926
0 6 0.139323 0.437037 0.057813 0.025926
0 8 0.627344 0.374074 0.023438 0.024074
0 9 0.632031 0.433333 0.025521 0.035185
0 10 0.658333 0.418056 0.023958 0.026852
0 11 0.692448 0.397222 0.035937 0.024074
0 12 0.621615 0.407407 0.046354 0.037037
0 13 0.513281 0.596296 0.048438 0.105556
0 14 0.696615 0.770370 0.144271 0.214815
