0 1 0.537760 0.384259 0.021354 0.020370
0 2 0.508854 0.381944 0.019792 0.019444
0 3 0.473438 0.390278 0.023958 0.019444
0 4 0.365625 0.412037 0.031250 0.016667
0 5 0.185417 0.440741 0.055208 0.029630
0 6 0.125781 0.445833 0.060937 0.026852
0 8 0.654687 0.375463 0.027083 0.028704
0 9 0.668490 0.438889 0.026562 0.037037
0 10 0.697135 0.423148 0.026562 0.029630
0 11 0.731771 0.400000 0.041667 0.027778
0 12 0.652604 0.412037 0.051042 0.040741
0 13 0.523958 0.641204 0.061458 0.134259
0 14 0.753385 0.911111 0.222396 0.331481
