0 1 0.536198 0.382870 0.022396 0.021296
0 2 0.507292 0.381019 0.019792 0.019444
0 3 0.472396 0.389352 0.023958 0.019444
0 4 0.364844 0.410648 0.032813 0.017593
0 5 0.185677 0.439352 0.052604 0.028704
0 6 0.127344 0.445833 0.060937 0.026852
0 8 0.653646 0.374537 0.027083 0.028704
0 9 0.666406 0.439815 0.026562 0.037037
0 10 0.694531 0.422222 0.026562 0.029630
0 11 0.729688 0.400000 0.041667 0.027778
0 12 0.651563 0.411111 0.051042 0.040741
0 13 0.523698 0.638889 0.060937 0.133333
0 14 0.750781 0.903704 0.219271 0.325926
