0 1 0.538802 0.381944 0.022396 0.021296
0 2 0.509896 0.384722 0.019792 0.019444
0 3 0.475521 0.390278 0.023958 0.019444
0 4 0.366146 0.412037 0.031250 0.016667
0 5 0.182552 0.440741 0.057813 0.031481
0 6 0.122656 0.447685 0.060937 0.026852
0 8 0.657813 0.374537 0.027083 0.028704
0 9 0.671875 0.441667 0.029167 0.040741
0 10 0.702344 0.424074 0.026562 0.029630
0 11 0.736458 0.400000 0.041667 0.027778
0 12 0.657813 0.412037 0.051042 0.040741
0 13 0.525260 0.649537 0.064062 0.139815
0 14 0.765365 0.938889 0.238021 0.353704
