0 1 0.504427 0.384259 0.019271 0.018519
0 2 0.476302 0.380093 0.016146 0.015741
0 3 0.449479 0.385185 0.020833 0.016667
0 4 0.354948 0.401389 0.029687 0.015741
0 5 0.215365 0.420833 0.039062 0.021296
0 6 0.163802 0.424074 0.045312 0.020370
0 7 0.040625 0.451389 0.058333 0.030556
0 8 0.607031 0.371296 0.021354 0.022222
0 9 0.602604 0.425463 0.021875 0.030556
0 10 0.625521 0.412963 0.021875 0.024074
0 11 0.657031 0.394444 0.035937 0.024074
0 12 0.589844 0.402778 0.046354 0.037037
0 13 0.508854 0.554630 0.037500 0.081481
0 14 0.659375 0.666667 0.096875 0.144444
