0 1 0.523698 0.381944 0.022396 0.021296
0 2 0.494010 0.383333 0.017188 0.016667
0 3 0.461458 0.388426 0.023958 0.019444
0 4 0.355469 0.408796 0.032813 0.017593
0 5 0.185938 0.435648 0.050000 0.026852
0 6 0.127865 0.441667 0.057813 0.025926
0 8 0.634635 0.374074 0.023438 0.024074
0 9 0.641927 0.435185 0.025521 0.035185
0 10 0.670573 0.420370 0.025521 0.027778
0 11 0.705729 0.397685 0.039583 0.026852
0 12 0.630990 0.408333 0.046354 0.037037
0 13 0.514323 0.613889 0.053646 0.116667
0 14 0.714063 0.822222 0.172917 0.257407
