0 1 0.517969 0.381481 0.021354 0.020370
0 2 0.488281 0.384259 0.017188 0.016667
0 3 0.458333 0.388889 0.022917 0.018519
0 4 0.354948 0.406944 0.032813 0.017593
0 5 0.192969 0.432407 0.047396 0.025926
0 6 0.136719 0.437963 0.057813 0.025926
0 8 0.627865 0.373148 0.023438 0.024074
0 9 0.633073 0.433333 0.025521 0.035185
0 10 0.659896 0.418981 0.023958 0.026852
0 11 0.694792 0.397685 0.037500 0.025000
0 12 0.623177 0.407407 0.046354 0.037037
0 13 0.512760 0.599074 0.049479 0.107407
0 14 0.698958 0.779630 0.148958 0.222222
