0 1 0.516927 0.381481 0.021354 0.020370
0 2 0.487760 0.382407 0.017188 0.016667
0 3 0.458333 0.387963 0.020833 0.016667
0 4 0.358854 0.404630 0.031250 0.016667
0 5 0.205990 0.429167 0.045312 0.025000
0 6 0.149219 0.433796 0.052604 0.023148
0 7 0.014323 0.456944 0.050521 0.026852
0 8 0.624219 0.373148 0.021354 0.022222
0 9 0.625000 0.432407 0.023958 0.033333
0 10 0.650000 0.417130 0.022917 0.025000
0 11 0.684375 0.396759 0.037500 0.025000
0 12 0.614844 0.404630 0.046354 0.037037
0 13 0.515625 0.581944 0.044792 0.097222
0 14 0.686458 0.732870 0.126042 0.187963
