0 1 0.519010 0.381481 0.021354 0.020370
0 2 0.489323 0.382407 0.017188 0.016667
0 3 0.458854 0.387500 0.021875 0.017593
0 4 0.356510 0.406944 0.032813 0.017593
0 5 0.195052 0.431481 0.047396 0.025926
0 6 0.136719 0.438889 0.057813 0.025926
0 8 0.628385 0.373148 0.023438 0.024074
0 9 0.633073 0.432407 0.025521 0.035185
0 10 0.659896 0.418056 0.023958 0.026852
0 11 0.693229 0.397685 0.037500 0.025000
0 12 0.622656 0.406481 0.046354 0.037037
0 13 0.513542 0.597685 0.048958 0.106481
0 14 0.697656 0.774537 0.147396 0.219444
