0 1 0.503906 0.380093 0.020313 0.019444
0 2 0.473698 0.380093 0.016146 0.015741
0 3 0.446875 0.383333 0.020833 0.016667
0 4 0.354687 0.400000 0.028125 0.014815
0 5 0.219010 0.419907 0.039062 0.021296
0 6 0.166927 0.421759 0.047396 0.021296
0 7 0.047396 0.447685 0.064583 0.034259
0 8 0.602344 0.371296 0.021354 0.022222
0 9 0.595833 0.425463 0.020833 0.028704
0 10 0.618750 0.411111 0.021875 0.024074
0 11 0.652604 0.393056 0.037500 0.025000
0 12 0.583594 0.402778 0.044271 0.035185
0 13 0.508333 0.547222 0.036458 0.079630
0 14 0.652865 0.650463 0.090104 0.134259
