0 1 0.532552 0.382407 0.021354 0.020370
0 2 0.503646 0.382407 0.018750 0.018519
0 3 0.469271 0.389352 0.023958 0.019444
0 4 0.363542 0.411111 0.031250 0.016667
0 5 0.185938 0.438889 0.055208 0.029630
0 6 0.125781 0.443519 0.057813 0.025926
0 8 0.648438 0.373611 0.026042 0.026852
0 9 0.659635 0.439815 0.026562 0.037037
0 10 0.688802 0.421296 0.026562 0.029630
0 11 0.724479 0.399074 0.041667 0.027778
0 12 0.645312 0.411111 0.048958 0.038889
0 13 0.521354 0.632870 0.059375 0.128704
0 14 0.741667 0.883796 0.208333 0.310185
