0 1 0.504427 0.380556 0.019271 0.018519
0 2 0.474479 0.378704 0.015625 0.014815
0 3 0.448437 0.383796 0.019792 0.015741
0 4 0.357292 0.399074 0.028125 0.014815
0 5 0.223177 0.419444 0.036979 0.020370
0 6 0.170573 0.420833 0.047396 0.021296
0 7 0.054688 0.446759 0.061458 0.032407
0 8 0.602865 0.371296 0.021354 0.022222
0 9 0.595833 0.423611 0.020833 0.028704
0 10 0.618229 0.411574 0.022917 0.025000
0 11 0.653385 0.392593 0.035937 0.024074
0 12 0.583073 0.402778 0.044271 0.035185
0 13 0.510156 0.543981 0.035937 0.078704
0 14 0.652604 0.643981 0.087500 0.130556
