0 1 0.530990 0.383333 0.021354 0.020370
0 2 0.503385 0.380093 0.018229 0.017593
0 3 0.466667 0.389352 0.023958 0.019444
0 4 0.360417 0.409722 0.034375 0.017593
0 5 0.185417 0.437963 0.055208 0.029630
0 6 0.125260 0.444444 0.057813 0.025926
0 8 0.645573 0.374074 0.024479 0.025926
0 9 0.655469 0.437963 0.026562 0.037037
0 10 0.684635 0.421296 0.025521 0.027778
0 11 0.720833 0.399074 0.041667 0.027778
0 12 0.641667 0.411111 0.048958 0.038889
0 13 0.519531 0.627778 0.057813 0.125926
0 14 0.734635 0.869907 0.200521 0.299074
