0 1 0.526823 0.378241 0.022396 0.021296
0 2 0.497656 0.380556 0.017188 0.016667
0 3 0.461979 0.389352 0.023958 0.019444
0 4 0.357292 0.410185 0.031250 0.016667
0 5 0.185417 0.436574 0.050000 0.026852
0 6 0.126823 0.443056 0.060937 0.026852
0 8 0.638281 0.375000 0.024479 0.025926
0 9 0.646094 0.437963 0.026562 0.037037
0 10 0.674740 0.419444 0.025521 0.027778
0 11 0.711458 0.398148 0.041667 0.027778
0 12 0.632812 0.408333 0.048958 0.038889
0 13 0.515104 0.619444 0.055208 0.120370
0 14 0.720313 0.839352 0.182292 0.271296
