0 1 0.535156 0.383796 0.022396 0.021296
0 2 0.505729 0.381019 0.019792 0.019444
0 3 0.472396 0.390278 0.023958 0.019444
0 4 0.364583 0.412037 0.031250 0.016667
0 5 0.185677 0.440278 0.052604 0.028704
0 6 0.126823 0.445833 0.060937 0.026852
0 8 0.651563 0.373611 0.027083 0.028704
0 9 0.664844 0.438889 0.026562 0.037037
0 10 0.692448 0.423148 0.026562 0.029630
0 11 0.728125 0.400000 0.041667 0.027778
0 12 0.650000 0.411111 0.051042 0.040741
0 13 0.522917 0.637037 0.060417 0.131481
0 14 0.747656 0.897222 0.215104 0.320370
