0 1 0.514844 0.379630 0.021354 0.020370
0 2 0.485156 0.381019 0.016146 0.015741
0 3 0.455729 0.386111 0.020833 0.016667
0 4 0.361719 0.402315 0.029687 0.015741
0 5 0.216406 0.423611 0.043229 0.023148
0 6 0.164062 0.427778 0.050000 0.022222
0 7 0.039583 0.451389 0.064583 0.034259
0 8 0.617448 0.371296 0.021354 0.022222
0 9 0.614583 0.428241 0.020833 0.028704
0 10 0.639583 0.414352 0.023958 0.026852
0 11 0.671615 0.395370 0.035937 0.024074
0 12 0.601823 0.404630 0.046354 0.037037
0 13 0.515885 0.563426 0.040104 0.087963
0 14 0.672917 0.688426 0.106250 0.158333
