0 1 0.515885 0.381019 0.020313 0.019444
0 2 0.486198 0.381481 0.017188 0.016667
0 3 0.457292 0.386111 0.020833 0.016667
0 4 0.360677 0.404167 0.029687 0.015741
0 5 0.211198 0.426389 0.043229 0.023148
0 6 0.156771 0.431481 0.050000 0.022222
0 7 0.019792 0.455093 0.058333 0.030556
0 8 0.622656 0.373148 0.021354 0.022222
0 9 0.621875 0.429630 0.022917 0.031481
0 10 0.645833 0.415278 0.022917 0.025000
0 11 0.680208 0.395833 0.037500 0.025000
0 12 0.610677 0.405556 0.044271 0.035185
0 13 0.515625 0.575463 0.042708 0.093519
0 14 0.681510 0.715741 0.118229 0.175926
