0 1 0.514323 0.380093 0.020313 0.019444
0 2 0.485677 0.381481 0.017188 0.016667
0 3 0.457292 0.385185 0.020833 0.016667
0 4 0.362240 0.403241 0.029687 0.015741
0 5 0.215365 0.424537 0.043229 0.023148
0 6 0.162240 0.428241 0.047396 0.021296
0 7 0.040625 0.451389 0.061458 0.032407
0 8 0.620052 0.372222 0.021354 0.022222
0 9 0.617188 0.428241 0.021875 0.030556
0 10 0.643229 0.414352 0.022917 0.025000
0 11 0.675781 0.394444 0.035937 0.024074
0 12 0.604427 0.405556 0.046354 0.037037
0 13 0.516406 0.567593 0.041146 0.088889
0 14 0.676302 0.697685 0.109896 0.163889
