0 1 0.504427 0.379630 0.019271 0.018519
0 2 0.473698 0.380093 0.016146 0.015741
0 3 0.447396 0.383796 0.021875 0.017593
0 4 0.354687 0.400000 0.028125 0.014815
0 5 0.214323 0.421759 0.039062 0.021296
0 6 0.162760 0.424074 0.045312 0.020370
0 7 0.041146 0.450463 0.061458 0.032407
0 8 0.603385 0.372222 0.021354 0.022222
0 9 0.598437 0.425463 0.021875 0.030556
0 10 0.622917 0.412037 0.021875 0.024074
0 11 0.654948 0.392593 0.035937 0.024074
0 12 0.587760 0.402778 0.046354 0.037037
0 13 0.507812 0.551852 0.037500 0.081481
0 14 0.655729 0.661111 0.094792 0.140741
