0 1 0.504948 0.379167 0.020313 0.019444
0 2 0.472656 0.379167 0.016146 0.015741
0 3 0.446354 0.385185 0.020833 0.016667
0 4 0.354687 0.400000 0.028125 0.014815
0 5 0.214844 0.420833 0.039062 0.021296
0 6 0.162760 0.424537 0.047396 0.021296
0 7 0.041667 0.450463 0.064583 0.034259
0 8 0.603385 0.371296 0.021354 0.022222
0 9 0.598437 0.424537 0.021875 0.030556
0 10 0.621354 0.412500 0.020833 0.023148
0 11 0.654948 0.393519 0.035937 0.024074
0 12 0.586198 0.402778 0.046354 0.037037
0 13 0.507292 0.550926 0.037500 0.081481
0 14 0.654687 0.659722 0.093750 0.139815
