0 1 0.504427 0.378704 0.019271 0.018519
0 2 0.473958 0.380556 0.015625 0.014815
0 3 0.448437 0.384259 0.020833 0.016667
0 4 0.354948 0.401389 0.029687 0.015741
0 5 0.214323 0.420833 0.039062 0.021296
0 6 0.162240 0.423611 0.047396 0.021296
0 7 0.040104 0.451389 0.061458 0.032407
0 8 0.605469 0.371296 0.021354 0.022222
0 9 0.600000 0.425463 0.021875 0.030556
0 10 0.624479 0.412963 0.021875 0.024074
0 11 0.656510 0.393519 0.035937 0.024074
0 12 0.588802 0.401852 0.046354 0.037037
0 13 0.508333 0.553241 0.037500 0.082407
0 14 0.657292 0.663889 0.095833 0.142593
