0 1 0.503906 0.381481 0.019271 0.018519
0 2 0.475260 0.379167 0.016146 0.015741
0 3 0.448958 0.383796 0.019792 0.015741
0 4 0.358594 0.399537 0.026562 0.013889
0 5 0.224219 0.417130 0.039062 0.021296
0 6 0.172135 0.421759 0.043229 0.019444
0 7 0.056771 0.445833 0.061458 0.032407
0 8 0.602865 0.371296 0.021354 0.022222
0 9 0.595313 0.423611 0.020833 0.028704
0 10 0.617708 0.411111 0.021875 0.024074
0 11 0.654948 0.391667 0.035937 0.024074
0 12 0.584115 0.402778 0.044271 0.035185
0 13 0.510677 0.542593 0.035937 0.077778
0 14 0.652865 0.641204 0.086979 0.128704
