0 1 0.504427 0.380556 0.019271 0.018519
0 2 0.474740 0.379167 0.016146 0.015741
0 3 0.447917 0.382870 0.019792 0.015741
0 4 0.359115 0.399537 0.026562 0.013889
0 5 0.223698 0.417130 0.039062 0.021296
0 6 0.171615 0.421296 0.045312 0.020370
0 7 0.057813 0.445833 0.061458 0.032407
0 8 0.602865 0.370370 0.021354 0.022222
0 9 0.595833 0.424537 0.020833 0.028704
0 10 0.618229 0.409722 0.022917 0.025000
0 11 0.654427 0.392593 0.035937 0.024074
0 12 0.584115 0.402778 0.044271 0.035185
0 13 0.510677 0.542593 0.035937 0.077778
0 14 0.652865 0.641667 0.086979 0.129630
