0 1 0.525781 0.380093 0.022396 0.021296
0 2 0.497135 0.379630 0.017188 0.016667
0 3 0.461979 0.387500 0.023958 0.019444
0 4 0.355990 0.409722 0.032813 0.017593
0 5 0.185938 0.435648 0.050000 0.026852
0 6 0.126823 0.441667 0.057813 0.025926
0 8 0.637760 0.375000 0.023438 0.024074
0 9 0.645052 0.437037 0.026562 0.037037
0 10 0.673698 0.420370 0.025521 0.027778
0 11 0.710938 0.396759 0.039583 0.026852
0 12 0.632292 0.408333 0.048958 0.038889
0 13 0.514844 0.616667 0.054688 0.118519
0 14 0.718229 0.833333 0.179167 0.266667
