0 1 0.503906 0.379167 0.020313 0.019444
0 2 0.473177 0.379167 0.016146 0.015741
0 3 0.447396 0.384259 0.020833 0.016667
0 4 0.354167 0.400000 0.028125 0.014815
0 5 0.216406 0.418981 0.039062 0.021296
0 6 0.164844 0.422685 0.047396 0.021296
0 7 0.043750 0.448611 0.064583 0.034259
0 8 0.602344 0.371759 0.020313 0.021296
0 9 0.596354 0.425463 0.021875 0.030556
0 10 0.619271 0.412037 0.021875 0.024074
0 11 0.652344 0.392593 0.035937 0.024074
0 12 0.584635 0.402778 0.044271 0.035185
0 13 0.507552 0.548611 0.036979 0.080556
0 14 0.653125 0.654630 0.091667 0.137037
