0 1 0.504427 0.379167 0.020313 0.019444
0 2 0.472656 0.379167 0.016146 0.015741
0 3 0.447396 0.383333 0.020833 0.016667
0 4 0.354687 0.400926 0.028125 0.014815
0 5 0.215365 0.419907 0.039062 0.021296
0 6 0.164323 0.423611 0.047396 0.021296
0 7 0.042708 0.448611 0.064583 0.034259
0 8 0.602344 0.370833 0.020313 0.021296
0 9 0.596875 0.425463 0.021875 0.030556
0 10 0.620313 0.411574 0.020833 0.023148
0 11 0.653385 0.393519 0.035937 0.024074
0 12 0.586198 0.402778 0.044271 0.035185
0 13 0.507292 0.550000 0.037500 0.081481
0 14 0.654167 0.656944 0.092708 0.137963
