0 1 0.519531 0.381019 0.022396 0.021296
0 2 0.488802 0.382407 0.017188 0.016667
0 3 0.458333 0.387963 0.020833 0.016667
0 4 0.356250 0.406481 0.031250 0.016667
0 5 0.199740 0.430556 0.047396 0.025926
0 6 0.141406 0.437500 0.052604 0.023148
0 7 0.000000 0.460648 0.043750 0.023148
0 8 0.626823 0.373611 0.022396 0.023148
0 9 0.630208 0.433333 0.023958 0.033333
0 10 0.655729 0.417130 0.023958 0.026852
0 11 0.690625 0.396759 0.039583 0.026852
0 12 0.619010 0.407407 0.046354 0.037037
0 13 0.513802 0.592130 0.047396 0.102778
0 14 0.693490 0.759259 0.139063 0.207407
