0 1 0.524740 0.382870 0.022396 0.021296
0 2 0.494010 0.383796 0.018229 0.017593
0 3 0.462500 0.389352 0.023958 0.019444
0 4 0.355469 0.409722 0.032813 0.017593
0 5 0.186198 0.434722 0.052604 0.028704
0 6 0.126823 0.442593 0.057813 0.025926
0 8 0.636198 0.374074 0.023438 0.024074
0 9 0.642969 0.436111 0.025521 0.035185
0 10 0.671615 0.420370 0.025521 0.027778
0 11 0.707292 0.397685 0.039583 0.026852
0 12 0.632031 0.408333 0.046354 0.037037
0 13 0.515104 0.615278 0.054167 0.117593
0 14 0.716406 0.827778 0.175521 0.261111
