0,0,949,398,39,21,1,1,1
1,0,950,400,39,21,1,1,1
2,0,951,402,37,20,1,1,1
3,0,948,401,37,20,1,1,1
4,0,949,402,37,20,1,1,1
5,0,950,401,37,20,1,1,1
6,0,950,401,37,20,1,1,1
7,0,948,401,37,20,1,1,1
8,0,949,401,37,20,1,1,1
9,0,948,400,39,21,1,1,1
10,0,948,399,39,21,1,1,1
11,0,949,399,39,21,1,1,1
12,0,948,399,39,21,1,1,1
13,0,949,399,39,21,1,1,1
14,0,950,399,39,21,1,1,1
15,0,948,398,39,21,1,1,1
16,0,950,400,37,20,1,1,1
17,0,950,399,37,20,1,1,1
18,0,950,405,37,20,1,1,1
19,0,951,405,39,21,1,1,1
20,0,951,406,39,21,1,1,1
21,0,954,406,37,20,1,1,1
22,0,960,405,37,20,1,1,1
23,0,959,405,39,21,1,1,1
24,0,964,400,39,21,1,1,1
25,0,963,400,41,22,1,1,1
26,0,966,399,39,21,1,1,1
27,0,966,400,39,21,1,1,1
28,0,968,399,41,22,1,1,1
29,0,969,399,41,22,1,1,1
30,0,968,400,41,22,1,1,1
31,0,970,400,39,21,1,1,1
32,0,968,400,39,21,1,1,1
33,0,970,400,39,21,1,1,1
34,0,970,400,39,21,1,1,1
35,0,970,401,39,21,1,1,1
36,0,969,400,39,21,1,1,1
37,0,970,400,41,22,1,1,1
38,0,971,401,39,21,1,1,1
39,0,971,401,39,21,1,1,1
40,0,971,401,39,21,1,1,1
41,0,972,401,39,21,1,1,1
42,0,973,400,39,21,1,1,1
43,0,975,401,39,21,1,1,1
44,0,971,400,41,22,1,1,1
45,0,972,400,41,22,1,1,1
46,0,972,401,41,22,1,1,1
47,0,973,402,41,22,1,1,1
48,0,975,401,41,22,1,1,1
49,0,976,400,41,22,1,1,1
50,0,975,401,41,22,1,1,1
51,0,974,401,43,23,1,1,1
52,0,974,401,43,23,1,1,1
53,0,975,401,43,23,1,1,1
54,0,976,400,43,23,1,1,1
55,0,975,399,43,23,1,1,1
56,0,975,400,41,22,1,1,1
57,0,977,402,41,22,1,1,1
58,0,977,402,41,22,1,1,1
59,0,977,402,41,22,1,1,1
60,0,976,401,41,22,1,1,1
61,0,974,401,41,22,1,1,1
62,0,977,400,41,22,1,1,1
63,0,977,402,41,22,1,1,1
64,0,975,402,41,22,1,1,1
65,0,975,402,41,22,1,1,1
66,0,974,402,43,23,1,1,1
67,0,976,401,43,23,1,1,1
68,0,977,400,43,23,1,1,1
69,0,980,401,43,23,1,1,1
70,0,980,400,43,23,1,1,1
71,0,982,401,45,24,1,1,1
72,0,984,401,43,23,1,1,1
73,0,986,402,43,23,1,1,1
74,0,989,399,43,23,1,1,1
75,0,988,399,43,23,1,1,1
76,0,990,397,43,23,1,1,1
77,0,994,397,43,23,1,1,1
78,0,996,396,43,23,1,1,1
79,0,993,401,43,23,1,1,1
80,0,991,402,45,24,1,1,1
81,0,994,401,43,23,1,1,1
82,0,999,403,41,22,1,1,1
83,0,999,401,43,23,1,1,1
84,0,1002,402,41,22,1,1,1
85,0,1002,402,41,22,1,1,1
86,0,1006,403,41,22,1,1,1
87,0,1006,403,43,23,1,1,1
88,0,1008,402,43,23,1,1,1
89,0,1012,404,41,22,1,1,1
90,0,1011,404,41,22,1,1,1
91,0,1013,404,41,22,1,1,1
92,0,1012,404,41,22,1,1,1
93,0,1015,400,43,23,1,1,1
94,0,1013,401,43,23,1,1,1
95,0,1013,401,43,23,1,1,1
0,1,896,401,33,18,1,1,1
1,1,897,400,33,18,1,1,1
2,1,896,400,33,18,1,1,1
3,1,896,400,33,18,1,1,1
4,1,897,401,31,17,1,1,1
5,1,896,401,31,17,1,1,1
6,1,896,401,30,16,1,1,1
7,1,896,402,30,16,1,1,1
8,1,895,403,30,16,1,1,1
9,1,894,402,31,17,1,1,1
10,1,893,401,31,17,1,1,1
11,1,893,401,31,17,1,1,1
12,1,893,401,31,17,1,1,1
13,1,892,401,31,17,1,1,1
14,1,892,401,31,17,1,1,1
15,1,892,401,31,17,1,1,1
16,1,894,402,31,17,1,1,1
17,1,895,403,30,16,1,1,1
18,1,899,402,31,17,1,1,1
19,1,899,403,33,18,1,1,1
20,1,900,402,33,18,1,1,1
21,1,903,402,33,18,1,1,1
22,1,904,402,35,19,1,1,1
23,1,905,402,35,19,1,1,1
24,1,909,403,33,18,1,1,1
25,1,910,403,33,18,1,1,1
26,1,911,403,31,17,1,1,1
27,1,912,403,31,17,1,1,1
28,1,916,403,31,17,1,1,1
29,1,915,402,33,18,1,1,1
30,1,915,403,33,18,1,1,1
31,1,915,402,33,18,1,1,1
32,1,916,403,33,18,1,1,1
33,1,919,403,33,18,1,1,1
34,1,919,403,33,18,1,1,1
35,1,919,403,33,18,1,1,1
36,1,917,402,35,19,1,1,1
37,1,918,403,35,19,1,1,1
38,1,918,404,33,18,1,1,1
39,1,917,403,33,18,1,1,1
40,1,918,404,33,18,1,1,1
41,1,918,403,33,18,1,1,1
42,1,918,404,33,18,1,1,1
43,1,918,403,33,18,1,1,1
44,1,919,404,33,18,1,1,1
45,1,920,404,33,18,1,1,1
46,1,920,404,33,18,1,1,1
47,1,919,405,33,18,1,1,1
48,1,921,405,33,18,1,1,1
49,1,921,404,33,18,1,1,1
50,1,922,404,33,18,1,1,1
51,1,922,405,33,18,1,1,1
52,1,922,404,33,18,1,1,1
53,1,921,405,33,18,1,1,1
54,1,922,404,33,18,1,1,1
55,1,922,405,33,18,1,1,1
56,1,921,404,33,18,1,1,1
57,1,922,405,33,18,1,1,1
58,1,922,404,33,18,1,1,1
59,1,922,405,33,18,1,1,1
60,1,923,404,33,18,1,1,1
61,1,921,406,33,18,1,1,1
62,1,923,406,33,18,1,1,1
63,1,925,405,33,18,1,1,1
64,1,925,405,33,18,1,1,1
65,1,925,405,33,18,1,1,1
66,1,924,406,33,18,1,1,1
67,1,924,406,33,18,1,1,1
68,1,925,405,33,18,1,1,1
69,1,928,405,35,19,1,1,1
70,1,929,405,35,19,1,1,1
71,1,932,405,33,18,1,1,1
72,1,932,405,33,18,1,1,1
73,1,931,405,35,19,1,1,1
74,1,937,401,35,19,1,1,1
75,1,938,401,33,18,1,1,1
76,1,939,402,33,18,1,1,1
77,1,942,401,33,18,1,1,1
78,1,943,401,33,18,1,1,1
79,1,946,401,33,18,1,1,1
80,1,942,403,33,18,1,1,1
81,1,942,402,35,19,1,1,1
82,1,949,401,35,19,1,1,1
83,1,945,402,35,19,1,1,1
84,1,949,403,36,20,1,1,1
85,1,951,402,36,20,1,1,1
86,1,951,401,38,21,1,1,1
87,1,952,401,38,21,1,1,1
88,1,955,401,38,21,1,1,1
89,1,958,402,38,21,1,1,1
90,1,958,402,38,21,1,1,1
91,1,958,403,38,21,1,1,1
92,1,960,401,38,21,1,1,1
93,1,959,405,38,21,1,1,1
94,1,960,405,38,21,1,1,1
95,1,958,404,40,22,1,1,1
0,2,846,406,38,17,1,1,1
1,2,845,405,38,17,1,1,1
2,2,843,406,38,17,1,1,1
3,2,843,406,38,17,1,1,1
4,2,843,406,38,17,1,1,1
5,2,841,405,38,17,1,1,1
6,2,842,406,38,17,1,1,1
7,2,840,405,38,17,1,1,1
8,2,839,406,40,18,1,1,1
9,2,838,405,40,18,1,1,1
10,2,839,406,40,18,1,1,1
11,2,839,405,40,18,1,1,1
12,2,839,406,40,18,1,1,1
13,2,839,405,40,18,1,1,1
14,2,837,407,40,18,1,1,1
15,2,838,406,40,18,1,1,1
16,2,838,405,42,19,1,1,1
17,2,841,406,40,18,1,1,1
18,2,843,407,40,18,1,1,1
19,2,844,407,40,18,1,1,1
20,2,844,407,40,18,1,1,1
21,2,846,407,40,18,1,1,1
22,2,848,407,40,18,1,1,1
23,2,851,407,40,18,1,1,1
24,2,853,408,40,18,1,1,1
25,2,853,408,40,18,1,1,1
26,2,854,407,40,18,1,1,1
27,2,855,407,40,18,1,1,1
28,2,855,408,40,18,1,1,1
29,2,857,407,40,18,1,1,1
30,2,857,407,40,18,1,1,1
31,2,859,408,40,18,1,1,1
32,2,858,407,40,18,1,1,1
33,2,859,409,40,18,1,1,1
34,2,859,408,40,18,1,1,1
35,2,858,408,40,18,1,1,1
36,2,859,409,40,18,1,1,1
37,2,860,409,40,18,1,1,1
38,2,860,408,40,18,1,1,1
39,2,858,408,40,18,1,1,1
40,2,858,409,40,18,1,1,1
41,2,859,409,40,18,1,1,1
42,2,859,408,40,18,1,1,1
43,2,859,409,40,18,1,1,1
44,2,858,409,40,18,1,1,1
45,2,858,409,40,18,1,1,1
46,2,860,410,40,18,1,1,1
47,2,860,410,40,18,1,1,1
48,2,862,410,40,18,1,1,1
49,2,861,409,40,18,1,1,1
50,2,861,409,40,18,1,1,1
51,2,862,410,40,18,1,1,1
52,2,861,409,40,18,1,1,1
53,2,861,410,40,18,1,1,1
54,2,860,410,40,18,1,1,1
55,2,859,410,40,18,1,1,1
56,2,860,410,40,18,1,1,1
57,2,859,409,42,19,1,1,1
58,2,861,410,40,18,1,1,1
59,2,859,409,42,19,1,1,1
60,2,860,409,42,19,1,1,1
61,2,858,410,44,20,1,1,1
62,2,859,409,44,20,1,1,1
63,2,859,410,44,20,1,1,1
64,2,856,410,46,21,1,1,1
65,2,856,410,46,21,1,1,1
66,2,855,409,46,21,1,1,1
67,2,856,409,46,21,1,1,1
68,2,857,410,46,21,1,1,1
69,2,858,410,46,21,1,1,1
70,2,859,410,46,21,1,1,1
71,2,861,409,46,21,1,1,1
72,2,863,409,46,21,1,1,1
73,2,865,410,46,21,1,1,1
74,2,863,408,46,21,1,1,1
75,2,864,408,46,21,1,1,1
76,2,864,410,46,21,1,1,1
77,2,867,409,46,21,1,1,1
78,2,867,408,46,21,1,1,1
79,2,869,409,46,21,1,1,1
80,2,869,410,46,21,1,1,1
81,2,871,409,46,21,1,1,1
82,2,873,410,46,21,1,1,1
83,2,875,409,46,21,1,1,1
84,2,878,410,46,21,1,1,1
85,2,878,411,46,21,1,1,1
86,2,882,410,46,21,1,1,1
87,2,884,411,46,21,1,1,1
88,2,884,410,46,21,1,1,1
89,2,886,411,46,21,1,1,1
90,2,887,410,46,21,1,1,1
91,2,887,410,46,21,1,1,1
92,2,890,410,46,21,1,1,1
93,2,891,411,46,21,1,1,1
94,2,890,411,46,21,1,1,1
95,2,891,412,46,21,1,1,1
0,3,664,422,54,16,1,1,1
1,3,666,422,54,16,1,1,1
2,3,665,422,54,16,1,1,1
3,3,664,424,51,15,1,1,1
4,3,663,424,51,15,1,1,1
5,3,664,424,51,15,1,1,1
6,3,659,423,54,16,1,1,1
7,3,656,423,57,17,1,1,1
8,3,655,424,57,17,1,1,1
9,3,654,424,54,16,1,1,1
10,3,654,424,54,16,1,1,1
11,3,654,424,54,16,1,1,1
12,3,653,424,54,16,1,1,1
13,3,654,425,54,16,1,1,1
14,3,654,424,54,16,1,1,1
15,3,653,424,54,16,1,1,1
16,3,654,424,54,16,1,1,1
17,3,653,425,57,17,1,1,1
18,3,653,425,57,17,1,1,1
19,3,659,425,54,16,1,1,1
20,3,659,425,54,16,1,1,1
21,3,659,425,57,17,1,1,1
22,3,659,424,60,18,1,1,1
23,3,660,424,60,18,1,1,1
24,3,663,425,60,18,1,1,1
25,3,663,424,60,18,1,1,1
26,3,664,425,57,17,1,1,1
27,3,665,426,57,17,1,1,1
28,3,666,426,57,17,1,1,1
29,3,667,426,57,17,1,1,1
30,3,667,426,57,17,1,1,1
31,3,668,425,57,17,1,1,1
32,3,667,427,57,17,1,1,1
33,3,667,427,57,17,1,1,1
34,3,665,428,57,17,1,1,1
35,3,664,428,57,17,1,1,1
36,3,665,428,57,17,1,1,1
37,3,664,428,57,17,1,1,1
38,3,663,427,57,17,1,1,1
39,3,664,428,57,17,1,1,1
40,3,664,428,57,17,1,1,1
41,3,663,428,57,17,1,1,1
42,3,662,429,57,17,1,1,1
43,3,662,429,57,17,1,1,1
44,3,658,428,60,18,1,1,1
45,3,658,428,60,18,1,1,1
46,3,659,428,60,18,1,1,1
47,3,662,429,57,17,1,1,1
48,3,660,430,57,17,1,1,1
49,3,659,430,57,17,1,1,1
50,3,660,430,57,17,1,1,1
51,3,660,430,57,17,1,1,1
52,3,659,431,57,17,1,1,1
53,3,657,431,57,17,1,1,1
54,3,654,430,60,18,1,1,1
55,3,652,430,63,19,1,1,1
56,3,652,430,63,19,1,1,1
57,3,655,430,60,18,1,1,1
58,3,651,430,63,19,1,1,1
59,3,653,430,60,18,1,1,1
60,3,653,430,63,19,1,1,1
61,3,650,430,63,19,1,1,1
62,3,652,432,60,18,1,1,1
63,3,650,430,63,19,1,1,1
64,3,647,432,63,19,1,1,1
65,3,647,432,63,19,1,1,1
66,3,650,433,60,18,1,1,1
67,3,646,431,63,19,1,1,1
68,3,649,433,60,18,1,1,1
69,3,649,432,63,19,1,1,1
70,3,650,432,63,19,1,1,1
71,3,651,432,63,19,1,1,1
72,3,651,432,63,19,1,1,1
73,3,651,433,63,19,1,1,1
74,3,653,433,63,19,1,1,1
75,3,652,433,63,19,1,1,1
76,3,656,434,60,18,1,1,1
77,3,658,434,60,18,1,1,1
78,3,658,434,60,18,1,1,1
79,3,656,433,63,19,1,1,1
80,3,656,434,63,19,1,1,1
81,3,659,434,63,19,1,1,1
82,3,659,433,66,19,1,1,1
83,3,662,434,63,19,1,1,1
84,3,668,435,60,18,1,1,1
85,3,668,435,60,18,1,1,1
86,3,669,435,60,18,1,1,1
87,3,670,436,60,18,1,1,1
88,3,669,434,63,19,1,1,1
89,3,672,436,60,18,1,1,1
90,3,673,436,60,18,1,1,1
91,3,673,436,60,18,1,1,1
92,3,673,435,60,18,1,1,1
93,3,674,437,60,18,1,1,1
94,3,673,436,60,18,1,1,1
95,3,673,436,60,18,1,1,1
0,4,400,438,75,23,1,1,1
1,4,400,439,75,23,1,1,1
2,4,397,439,75,23,1,1,1
3,4,395,439,75,23,1,1,1
4,4,393,439,75,23,1,1,1
5,4,392,439,75,23,1,1,1
6,4,393,442,71,22,1,1,1
7,4,393,441,68,21,1,1,1
8,4,388,443,71,22,1,1,1
9,4,383,442,75,23,1,1,1
10,4,382,441,75,23,1,1,1
11,4,380,442,75,23,1,1,1
12,4,378,441,75,23,1,1,1
13,4,376,442,75,23,1,1,1
14,4,375,443,75,23,1,1,1
15,4,375,443,75,23,1,1,1
16,4,374,444,75,23,1,1,1
17,4,374,443,75,23,1,1,1
18,4,376,443,75,23,1,1,1
19,4,375,444,79,24,1,1,1
20,4,375,443,79,24,1,1,1
21,4,375,444,79,24,1,1,1
22,4,376,444,79,24,1,1,1
23,4,377,445,79,24,1,1,1
24,4,377,444,79,24,1,1,1
25,4,378,445,79,24,1,1,1
26,4,377,445,79,24,1,1,1
27,4,375,444,83,25,1,1,1
28,4,374,445,83,25,1,1,1
29,4,374,446,83,25,1,1,1
30,4,374,445,83,25,1,1,1
31,4,374,446,83,25,1,1,1
32,4,372,446,83,25,1,1,1
33,4,371,447,83,25,1,1,1
34,4,369,446,87,27,1,1,1
35,4,368,445,87,27,1,1,1
36,4,368,448,83,25,1,1,1
37,4,365,447,87,27,1,1,1
38,4,368,447,83,25,1,1,1
39,4,364,448,83,25,1,1,1
40,4,364,449,83,25,1,1,1
41,4,361,449,83,25,1,1,1
42,4,359,449,83,25,1,1,1
43,4,357,449,83,25,1,1,1
44,4,354,449,87,27,1,1,1
45,4,353,448,87,27,1,1,1
46,4,352,450,87,27,1,1,1
47,4,349,449,87,27,1,1,1
48,4,345,449,91,28,1,1,1
49,4,345,450,87,27,1,1,1
50,4,347,450,87,27,1,1,1
51,4,346,451,87,27,1,1,1
52,4,342,451,91,28,1,1,1
53,4,341,450,91,28,1,1,1
54,4,338,451,91,28,1,1,1
55,4,338,451,91,28,1,1,1
56,4,336,451,91,28,1,1,1
57,4,334,452,91,28,1,1,1
58,4,331,452,91,28,1,1,1
59,4,329,453,91,28,1,1,1
60,4,329,452,91,28,1,1,1
61,4,325,453,91,28,1,1,1
62,4,323,454,91,28,1,1,1
63,4,317,454,96,29,1,1,1
64,4,313,452,101,31,1,1,1
65,4,313,453,101,31,1,1,1
66,4,310,453,101,31,1,1,1
67,4,308,453,101,31,1,1,1
68,4,306,455,101,31,1,1,1
69,4,306,454,101,31,1,1,1
70,4,306,455,101,31,1,1,1
71,4,306,454,101,31,1,1,1
72,4,309,456,96,29,1,1,1
73,4,307,454,101,31,1,1,1
74,4,309,456,96,29,1,1,1
75,4,309,456,96,29,1,1,1
76,4,308,457,96,29,1,1,1
77,4,306,458,96,29,1,1,1
78,4,305,457,96,29,1,1,1
79,4,304,457,101,31,1,1,1
80,4,302,456,106,32,1,1,1
81,4,303,456,106,32,1,1,1
82,4,303,457,106,32,1,1,1
83,4,303,458,106,32,1,1,1
84,4,304,458,106,32,1,1,1
85,4,306,457,101,31,1,1,1
86,4,306,458,101,31,1,1,1
87,4,306,460,101,31,1,1,1
88,4,306,459,101,31,1,1,1
89,4,303,460,106,32,1,1,1
90,4,301,459,111,34,1,1,1
91,4,298,458,111,34,1,1,1
92,4,298,458,111,34,1,1,1
93,4,295,460,111,34,1,1,1
94,4,295,459,111,34,1,1,1
95,4,294,460,111,34,1,1,1
0,5,300,443,87,22,1,1,1
1,5,293,443,87,22,1,1,1
2,5,289,442,91,23,1,1,1
3,5,289,444,87,22,1,1,1
4,5,289,445,83,21,1,1,1
5,5,286,444,87,22,1,1,1
6,5,282,443,91,23,1,1,1
7,5,281,445,87,22,1,1,1
8,5,278,445,87,22,1,1,1
9,5,275,444,91,23,1,1,1
10,5,277,445,87,22,1,1,1
11,5,273,445,91,23,1,1,1
12,5,271,445,91,23,1,1,1
13,5,270,446,91,23,1,1,1
14,5,267,447,91,23,1,1,1
15,5,269,447,87,22,1,1,1
16,5,269,447,87,22,1,1,1
17,5,266,446,91,23,1,1,1
18,5,271,447,87,22,1,1,1
19,5,270,448,87,22,1,1,1
20,5,268,448,91,23,1,1,1
21,5,266,448,96,24,1,1,1
22,5,268,448,96,24,1,1,1
23,5,270,448,96,24,1,1,1
24,5,268,449,96,24,1,1,1
25,5,268,448,96,24,1,1,1
26,5,269,448,96,24,1,1,1
27,5,267,449,96,24,1,1,1
28,5,267,450,96,24,1,1,1
29,5,266,450,96,24,1,1,1
30,5,268,449,91,23,1,1,1
31,5,263,451,96,24,1,1,1
32,5,266,451,91,23,1,1,1
33,5,261,451,96,24,1,1,1
34,5,256,452,96,24,1,1,1
35,5,258,451,96,24,1,1,1
36,5,257,452,96,24,1,1,1
37,5,256,453,96,24,1,1,1
38,5,254,454,96,24,1,1,1
39,5,253,454,96,24,1,1,1
40,5,251,454,101,25,1,1,1
41,5,246,453,101,25,1,1,1
42,5,245,453,101,25,1,1,1
43,5,243,454,101,25,1,1,1
44,5,239,454,101,25,1,1,1
45,5,239,456,101,25,1,1,1
46,5,236,456,101,25,1,1,1
47,5,233,456,101,25,1,1,1
48,5,235,457,96,24,1,1,1
49,5,232,456,101,25,1,1,1
50,5,230,457,101,25,1,1,1
51,5,229,457,101,25,1,1,1
52,5,225,458,101,25,1,1,1
53,5,224,459,101,25,1,1,1
54,5,221,460,101,25,1,1,1
55,5,220,458,106,27,1,1,1
56,5,217,459,106,27,1,1,1
57,5,214,458,111,28,1,1,1
58,5,212,458,111,28,1,1,1
59,5,207,459,111,28,1,1,1
60,5,207,460,111,28,1,1,1
61,5,207,459,111,28,1,1,1
62,5,204,460,111,28,1,1,1
63,5,201,460,111,28,1,1,1
64,5,198,460,111,28,1,1,1
65,5,199,461,111,28,1,1,1
66,5,197,461,111,28,1,1,1
67,5,193,461,111,28,1,1,1
68,5,190,462,111,28,1,1,1
69,5,189,462,111,28,1,1,1
70,5,190,463,111,28,1,1,1
71,5,188,463,111,28,1,1,1
72,5,190,463,111,28,1,1,1
73,5,188,464,111,28,1,1,1
74,5,187,463,111,28,1,1,1
75,5,188,463,111,28,1,1,1
76,5,185,464,117,29,1,1,1
77,5,184,464,117,29,1,1,1
78,5,183,464,117,29,1,1,1
79,5,183,465,117,29,1,1,1
80,5,185,465,111,28,1,1,1
81,5,184,466,111,28,1,1,1
82,5,185,466,111,28,1,1,1
83,5,185,465,111,28,1,1,1
84,5,186,465,111,28,1,1,1
85,5,187,466,111,28,1,1,1
86,5,188,466,111,28,1,1,1
87,5,185,467,117,29,1,1,1
88,5,186,467,117,29,1,1,1
89,5,183,467,117,29,1,1,1
90,5,184,468,117,29,1,1,1
91,5,179,467,117,29,1,1,1
92,5,175,468,122,31,1,1,1
93,5,176,468,122,31,1,1,1
94,5,177,469,117,29,1,1,1
95,5,176,470,117,29,1,1,1
0,6,65,461,118,35,1,1,1
1,6,61,463,118,35,1,1,1
2,6,59,463,118,35,1,1,1
3,6,54,463,118,35,1,1,1
4,6,50,464,118,35,1,1,1
5,6,52,464,118,35,1,1,1
6,6,46,465,118,35,1,1,1
7,6,42,465,118,35,1,1,1
8,6,38,467,118,35,1,1,1
9,6,29,465,124,37,1,1,1
10,6,30,465,124,37,1,1,1
11,6,27,465,124,37,1,1,1
12,6,22,466,124,37,1,1,1
13,6,20,466,124,37,1,1,1
14,6,18,468,124,37,1,1,1
15,6,18,467,124,37,1,1,1
16,6,20,469,118,35,1,1,1
17,6,18,470,118,35,1,1,1
18,6,22,471,112,33,1,1,1
19,6,20,470,118,35,1,1,1
20,6,20,469,118,35,1,1,1
21,6,15,470,124,37,1,1,1
22,6,15,469,124,37,1,1,1
23,6,15,469,124,37,1,1,1
24,6,17,469,124,37,1,1,1
25,6,17,469,124,37,1,1,1
26,6,16,469,124,37,1,1,1
27,6,16,469,124,37,1,1,1
28,6,14,469,124,37,1,1,1
29,6,16,469,124,37,1,1,1
30,6,18,470,124,37,1,1,1
31,6,20,470,118,35,1,1,1
32,6,19,470,118,35,1,1,1
33,6,18,473,112,33,1,1,1
34,6,15,472,112,33,1,1,1
35,6,17,474,107,32,1,1,1
36,6,11,474,107,32,1,1,1
37,6,8,474,107,32,1,1,1
38,6,2,474,112,33,1,1,1
39,6,-18,475,112,33,1,1,1
40,6,-19,475,112,33,1,1,1
41,6,-17,476,107,32,1,1,1
42,6,-1,476,102,30,1,1,1
43,6,-20,477,102,30,1,1,1
44,6,-18,478,97,29,1,1,1
45,6,-19,479,97,29,1,1,1
46,6,-21,479,97,29,1,1,1
47,6,-26,480,97,29,1,1,1
48,6,-26,481,92,27,1,1,1
49,6,-30,481,92,27,1,1,1
50,6,-27,482,88,26,1,1,1
51,6,-28,483,88,26,1,1,1
52,6,-35,483,88,26,1,1,1
53,6,-35,484,84,25,1,1,1
54,6,-42,485,84,25,1,1,1
55,6,-42,485,84,25,1,1,1
56,6,-44,486,84,25,1,1,1
57,6,-50,486,84,25,1,1,1
0,7,1135,387,41,24,1,1,1
1,7,1138,387,41,24,1,1,1
2,7,1137,387,41,24,1,1,1
3,7,1138,388,41,24,1,1,1
4,7,1137,389,41,24,1,1,1
5,7,1137,388,41,24,1,1,1
6,7,1137,389,41,24,1,1,1
7,7,1137,388,41,24,1,1,1
8,7,1137,389,41,24,1,1,1
9,7,1136,389,41,24,1,1,1
10,7,1137,390,39,23,1,1,1
11,7,1137,390,39,23,1,1,1
12,7,1137,390,39,23,1,1,1
13,7,1137,389,39,23,1,1,1
14,7,1138,389,41,24,1,1,1
15,7,1137,390,41,24,1,1,1
16,7,1138,390,41,24,1,1,1
17,7,1142,389,41,24,1,1,1
18,7,1145,389,41,24,1,1,1
19,7,1149,390,41,24,1,1,1
20,7,1149,389,41,24,1,1,1
21,7,1151,390,41,24,1,1,1
22,7,1155,390,41,24,1,1,1
23,7,1157,389,41,24,1,1,1
24,7,1161,390,41,24,1,1,1
25,7,1160,389,41,24,1,1,1
26,7,1162,389,41,24,1,1,1
27,7,1164,390,41,24,1,1,1
28,7,1165,389,41,24,1,1,1
29,7,1167,390,41,24,1,1,1
30,7,1168,389,41,24,1,1,1
31,7,1168,389,41,24,1,1,1
32,7,1170,390,41,24,1,1,1
33,7,1171,390,41,24,1,1,1
34,7,1172,391,41,24,1,1,1
35,7,1172,390,41,24,1,1,1
36,7,1171,391,41,24,1,1,1
37,7,1173,390,41,24,1,1,1
38,7,1174,390,41,24,1,1,1
39,7,1175,391,41,24,1,1,1
40,7,1174,390,41,24,1,1,1
41,7,1174,391,41,24,1,1,1
42,7,1176,390,41,24,1,1,1
43,7,1177,391,41,24,1,1,1
44,7,1177,390,41,24,1,1,1
45,7,1178,391,41,24,1,1,1
46,7,1178,391,41,24,1,1,1
47,7,1180,390,41,24,1,1,1
48,7,1181,391,41,24,1,1,1
49,7,1179,390,43,25,1,1,1
50,7,1180,391,43,25,1,1,1
51,7,1180,390,43,25,1,1,1
52,7,1181,390,43,25,1,1,1
53,7,1181,391,43,25,1,1,1
54,7,1182,391,43,25,1,1,1
55,7,1181,391,45,26,1,1,1
56,7,1182,391,45,26,1,1,1
57,7,1183,390,45,26,1,1,1
58,7,1182,391,45,26,1,1,1
59,7,1184,390,45,26,1,1,1
60,7,1184,390,45,26,1,1,1
61,7,1183,390,45,26,1,1,1
62,7,1184,391,45,26,1,1,1
63,7,1185,390,45,26,1,1,1
64,7,1186,390,45,26,1,1,1
65,7,1186,391,45,26,1,1,1
66,7,1185,389,47,28,1,1,1
67,7,1186,391,45,26,1,1,1
68,7,1189,391,45,26,1,1,1
69,7,1192,390,45,26,1,1,1
70,7,1192,391,45,26,1,1,1
71,7,1194,391,45,26,1,1,1
72,7,1196,391,45,26,1,1,1
73,7,1199,391,45,26,1,1,1
74,7,1201,392,45,26,1,1,1
75,7,1202,392,45,26,1,1,1
76,7,1202,391,47,28,1,1,1
77,7,1204,391,47,28,1,1,1
78,7,1206,390,47,28,1,1,1
79,7,1210,390,47,28,1,1,1
80,7,1209,391,47,28,1,1,1
81,7,1212,391,47,28,1,1,1
82,7,1216,390,47,28,1,1,1
83,7,1219,391,47,28,1,1,1
84,7,1220,389,50,29,1,1,1
85,7,1221,389,50,29,1,1,1
86,7,1224,391,50,29,1,1,1
87,7,1225,388,52,31,1,1,1
88,7,1229,389,52,31,1,1,1
89,7,1231,390,52,31,1,1,1
90,7,1230,390,52,31,1,1,1
91,7,1232,390,52,31,1,1,1
92,7,1234,390,52,31,1,1,1
93,7,1236,390,52,31,1,1,1
94,7,1237,389,52,31,1,1,1
95,7,1239,390,50,29,1,1,1
0,8,1123,441,40,31,1,1,1
1,8,1122,442,40,31,1,1,1
2,8,1122,442,40,31,1,1,1
3,8,1124,443,40,31,1,1,1
4,8,1123,442,40,31,1,1,1
5,8,1124,443,40,31,1,1,1
6,8,1124,442,40,31,1,1,1
7,8,1124,442,40,31,1,1,1
8,8,1125,444,40,31,1,1,1
9,8,1124,444,40,31,1,1,1
10,8,1124,444,40,31,1,1,1
11,8,1124,443,40,31,1,1,1
12,8,1124,443,42,33,1,1,1
13,8,1125,443,42,33,1,1,1
14,8,1128,442,42,33,1,1,1
15,8,1127,443,42,33,1,1,1
16,8,1128,443,42,33,1,1,1
17,8,1131,443,42,33,1,1,1
18,8,1136,443,42,33,1,1,1
19,8,1139,445,42,33,1,1,1
20,8,1140,444,42,33,1,1,1
21,8,1143,444,42,33,1,1,1
22,8,1145,445,42,33,1,1,1
23,8,1148,445,42,33,1,1,1
24,8,1151,445,42,33,1,1,1
25,8,1152,446,42,33,1,1,1
26,8,1155,445,42,33,1,1,1
27,8,1158,447,40,31,1,1,1
28,8,1160,447,40,31,1,1,1
29,8,1161,447,40,31,1,1,1
30,8,1163,447,40,31,1,1,1
31,8,1163,447,42,33,1,1,1
32,8,1164,446,42,33,1,1,1
33,8,1166,447,42,33,1,1,1
34,8,1167,447,42,33,1,1,1
35,8,1167,448,42,33,1,1,1
36,8,1170,447,42,33,1,1,1
37,8,1170,447,42,33,1,1,1
38,8,1172,448,42,33,1,1,1
39,8,1172,447,44,34,1,1,1
40,8,1172,448,44,34,1,1,1
41,8,1173,449,44,34,1,1,1
42,8,1173,448,44,34,1,1,1
43,8,1176,448,44,34,1,1,1
44,8,1177,450,44,34,1,1,1
45,8,1176,448,46,36,1,1,1
46,8,1177,449,46,36,1,1,1
47,8,1178,449,46,36,1,1,1
48,8,1180,449,46,36,1,1,1
49,8,1182,450,46,36,1,1,1
50,8,1182,450,46,36,1,1,1
51,8,1182,449,46,36,1,1,1
52,8,1183,449,46,36,1,1,1
53,8,1185,449,46,36,1,1,1
54,8,1187,450,46,36,1,1,1
55,8,1186,451,46,36,1,1,1
56,8,1188,450,46,36,1,1,1
57,8,1189,449,46,36,1,1,1
58,8,1189,449,49,38,1,1,1
59,8,1190,449,49,38,1,1,1
60,8,1191,448,49,38,1,1,1
61,8,1191,449,49,38,1,1,1
62,8,1192,449,49,38,1,1,1
63,8,1195,450,49,38,1,1,1
64,8,1194,449,51,40,1,1,1
65,8,1194,450,51,40,1,1,1
66,8,1195,450,51,40,1,1,1
67,8,1196,449,51,40,1,1,1
68,8,1200,450,51,40,1,1,1
69,8,1201,449,51,40,1,1,1
70,8,1202,449,51,40,1,1,1
71,8,1207,451,49,38,1,1,1
72,8,1208,451,49,38,1,1,1
73,8,1210,452,49,38,1,1,1
74,8,1212,452,51,40,1,1,1
75,8,1213,452,51,40,1,1,1
76,8,1215,453,51,40,1,1,1
77,8,1219,453,51,40,1,1,1
78,8,1221,452,51,40,1,1,1
79,8,1227,452,51,40,1,1,1
80,8,1226,453,51,40,1,1,1
81,8,1229,454,51,40,1,1,1
82,8,1233,453,51,40,1,1,1
83,8,1237,454,51,40,1,1,1
84,8,1241,455,51,40,1,1,1
85,8,1242,454,51,40,1,1,1
86,8,1245,455,51,40,1,1,1
87,8,1251,454,51,40,1,1,1
88,8,1254,455,51,40,1,1,1
89,8,1258,454,51,40,1,1,1
90,8,1257,454,51,40,1,1,1
91,8,1257,453,54,42,1,1,1
92,8,1259,452,56,44,1,1,1
93,8,1260,455,56,44,1,1,1
94,8,1262,455,56,44,1,1,1
95,8,1262,454,56,44,1,1,1
0,9,1166,430,42,26,1,1,1
1,9,1164,430,42,26,1,1,1
2,9,1165,430,42,26,1,1,1
3,9,1165,430,42,26,1,1,1
4,9,1165,431,42,26,1,1,1
5,9,1165,429,44,27,1,1,1
6,9,1165,431,44,27,1,1,1
7,9,1167,431,42,26,1,1,1
8,9,1168,431,42,26,1,1,1
9,9,1167,431,42,26,1,1,1
10,9,1168,431,42,26,1,1,1
11,9,1168,432,42,26,1,1,1
12,9,1168,432,42,26,1,1,1
13,9,1171,432,40,25,1,1,1
14,9,1173,433,40,25,1,1,1
15,9,1174,432,40,25,1,1,1
16,9,1175,432,42,26,1,1,1
17,9,1178,433,42,26,1,1,1
18,9,1180,433,42,26,1,1,1
19,9,1184,433,42,26,1,1,1
20,9,1185,433,42,26,1,1,1
21,9,1188,433,42,26,1,1,1
22,9,1193,433,42,26,1,1,1
23,9,1197,433,42,26,1,1,1
24,9,1198,434,44,27,1,1,1
25,9,1198,433,44,27,1,1,1
26,9,1201,433,44,27,1,1,1
27,9,1204,433,44,27,1,1,1
28,9,1205,433,46,29,1,1,1
29,9,1209,433,44,27,1,1,1
30,9,1209,434,44,27,1,1,1
31,9,1210,433,44,27,1,1,1
32,9,1213,434,44,27,1,1,1
33,9,1214,434,44,27,1,1,1
34,9,1215,434,44,27,1,1,1
35,9,1214,435,44,27,1,1,1
36,9,1216,435,44,27,1,1,1
37,9,1216,434,44,27,1,1,1
38,9,1217,436,44,27,1,1,1
39,9,1218,435,44,27,1,1,1
40,9,1219,435,44,27,1,1,1
41,9,1220,435,44,27,1,1,1
42,9,1222,435,44,27,1,1,1
43,9,1224,436,44,27,1,1,1
44,9,1226,436,44,27,1,1,1
45,9,1225,436,44,27,1,1,1
46,9,1226,437,44,27,1,1,1
47,9,1229,437,44,27,1,1,1
48,9,1231,436,44,27,1,1,1
49,9,1233,436,46,29,1,1,1
50,9,1232,436,46,29,1,1,1
51,9,1233,436,46,29,1,1,1
52,9,1234,436,46,29,1,1,1
53,9,1236,436,46,29,1,1,1
54,9,1236,436,46,29,1,1,1
55,9,1237,437,46,29,1,1,1
56,9,1238,437,46,29,1,1,1
57,9,1240,437,46,29,1,1,1
58,9,1241,437,46,29,1,1,1
59,9,1244,437,46,29,1,1,1
60,9,1244,437,46,29,1,1,1
61,9,1244,438,46,29,1,1,1
62,9,1245,438,46,29,1,1,1
63,9,1246,438,46,29,1,1,1
64,9,1247,438,46,29,1,1,1
65,9,1248,438,46,29,1,1,1
66,9,1248,437,49,30,1,1,1
67,9,1249,438,49,30,1,1,1
68,9,1251,438,49,30,1,1,1
69,9,1255,439,49,30,1,1,1
70,9,1255,439,49,30,1,1,1
71,9,1259,439,49,30,1,1,1
72,9,1263,439,49,30,1,1,1
73,9,1265,439,49,30,1,1,1
74,9,1269,439,49,30,1,1,1
75,9,1269,439,49,30,1,1,1
76,9,1271,438,49,30,1,1,1
77,9,1275,438,49,30,1,1,1
78,9,1278,439,49,30,1,1,1
79,9,1282,439,49,30,1,1,1
80,9,1282,439,49,30,1,1,1
81,9,1286,439,49,30,1,1,1
82,9,1290,440,49,30,1,1,1
83,9,1294,439,49,30,1,1,1
84,9,1297,439,51,32,1,1,1
85,9,1298,438,51,32,1,1,1
86,9,1302,439,51,32,1,1,1
87,9,1304,441,51,32,1,1,1
88,9,1308,440,51,32,1,1,1
89,9,1313,441,51,32,1,1,1
90,9,1312,440,51,32,1,1,1
91,9,1314,441,51,32,1,1,1
92,9,1317,440,51,32,1,1,1
93,9,1321,441,51,32,1,1,1
94,9,1323,442,51,32,1,1,1
95,9,1322,442,51,32,1,1,1
0,10,1217,410,69,26,1,1,1
1,10,1221,410,69,26,1,1,1
2,10,1225,409,69,26,1,1,1
3,10,1225,410,69,26,1,1,1
4,10,1223,410,69,26,1,1,1
5,10,1222,411,69,26,1,1,1
6,10,1220,411,69,26,1,1,1
7,10,1216,410,72,27,1,1,1
8,10,1217,410,72,27,1,1,1
9,10,1217,411,72,27,1,1,1
10,10,1218,411,72,27,1,1,1
11,10,1219,411,69,26,1,1,1
12,10,1218,411,69,26,1,1,1
13,10,1220,412,69,26,1,1,1
14,10,1223,412,69,26,1,1,1
15,10,1222,411,69,26,1,1,1
16,10,1223,411,69,26,1,1,1
17,10,1226,412,69,26,1,1,1
18,10,1227,413,69,26,1,1,1
19,10,1231,413,69,26,1,1,1
20,10,1230,412,69,26,1,1,1
21,10,1235,412,69,26,1,1,1
22,10,1241,413,66,25,1,1,1
23,10,1245,413,66,25,1,1,1
24,10,1248,414,66,25,1,1,1
25,10,1248,414,69,26,1,1,1
26,10,1250,414,69,26,1,1,1
27,10,1252,414,69,26,1,1,1
28,10,1255,414,69,26,1,1,1
29,10,1257,415,69,26,1,1,1
30,10,1257,414,69,26,1,1,1
31,10,1260,413,69,26,1,1,1
32,10,1263,413,69,26,1,1,1
33,10,1263,415,69,26,1,1,1
34,10,1264,416,69,26,1,1,1
35,10,1265,415,69,26,1,1,1
36,10,1266,414,72,27,1,1,1
37,10,1267,414,72,27,1,1,1
38,10,1268,414,72,27,1,1,1
39,10,1270,414,72,27,1,1,1
40,10,1270,414,72,27,1,1,1
41,10,1272,413,76,29,1,1,1
42,10,1272,413,76,29,1,1,1
43,10,1274,414,76,29,1,1,1
44,10,1276,416,72,27,1,1,1
45,10,1276,415,72,27,1,1,1
46,10,1278,415,72,27,1,1,1
47,10,1281,415,72,27,1,1,1
48,10,1285,416,69,26,1,1,1
49,10,1286,417,69,26,1,1,1
50,10,1285,415,72,27,1,1,1
51,10,1286,414,76,29,1,1,1
52,10,1286,414,76,29,1,1,1
53,10,1287,416,72,27,1,1,1
54,10,1288,414,76,29,1,1,1
55,10,1288,415,76,29,1,1,1
56,10,1290,414,76,29,1,1,1
57,10,1292,415,72,27,1,1,1
58,10,1295,416,69,26,1,1,1
59,10,1295,416,72,27,1,1,1
60,10,1295,416,72,27,1,1,1
61,10,1298,416,72,27,1,1,1
62,10,1298,416,72,27,1,1,1
63,10,1300,417,72,27,1,1,1
64,10,1300,416,76,29,1,1,1
65,10,1300,415,76,29,1,1,1
66,10,1303,416,76,29,1,1,1
67,10,1305,416,76,29,1,1,1
68,10,1305,414,80,30,1,1,1
69,10,1309,414,80,30,1,1,1
70,10,1310,416,80,30,1,1,1
71,10,1313,415,80,30,1,1,1
72,10,1317,415,76,29,1,1,1
73,10,1320,415,76,29,1,1,1
74,10,1326,414,76,29,1,1,1
75,10,1327,414,76,29,1,1,1
76,10,1326,415,80,30,1,1,1
77,10,1328,415,84,32,1,1,1
78,10,1331,414,84,32,1,1,1
79,10,1336,414,84,32,1,1,1
80,10,1335,414,84,32,1,1,1
81,10,1338,414,84,32,1,1,1
82,10,1344,416,80,30,1,1,1
83,10,1347,415,80,30,1,1,1
84,10,1351,416,80,30,1,1,1
85,10,1352,416,80,30,1,1,1
86,10,1355,417,80,30,1,1,1
87,10,1358,417,80,30,1,1,1
88,10,1361,417,80,30,1,1,1
89,10,1365,417,80,30,1,1,1
90,10,1365,417,80,30,1,1,1
91,10,1366,417,80,30,1,1,1
92,10,1370,418,80,30,1,1,1
93,10,1372,417,80,30,1,1,1
94,10,1374,417,80,30,1,1,1
95,10,1374,418,80,30,1,1,1
0,11,1074,414,85,38,1,1,1
1,11,1076,415,85,38,1,1,1
2,11,1077,416,85,38,1,1,1
3,11,1077,416,85,38,1,1,1
4,11,1079,416,85,38,1,1,1
5,11,1079,416,85,38,1,1,1
6,11,1077,416,85,38,1,1,1
7,11,1079,415,85,38,1,1,1
8,11,1077,415,85,38,1,1,1
9,11,1078,416,85,38,1,1,1
10,11,1078,416,85,38,1,1,1
11,11,1077,416,85,38,1,1,1
12,11,1080,416,85,38,1,1,1
13,11,1083,416,85,38,1,1,1
14,11,1081,415,89,40,1,1,1
15,11,1081,415,89,40,1,1,1
16,11,1084,415,89,40,1,1,1
17,11,1086,414,89,40,1,1,1
18,11,1088,415,89,40,1,1,1
19,11,1093,415,89,40,1,1,1
20,11,1092,416,89,40,1,1,1
21,11,1097,416,89,40,1,1,1
22,11,1100,416,89,40,1,1,1
23,11,1104,416,89,40,1,1,1
24,11,1105,416,89,40,1,1,1
25,11,1107,416,89,40,1,1,1
26,11,1107,416,89,40,1,1,1
27,11,1111,417,89,40,1,1,1
28,11,1111,417,89,40,1,1,1
29,11,1112,418,89,40,1,1,1
30,11,1111,417,89,40,1,1,1
31,11,1112,418,89,40,1,1,1
32,11,1116,418,89,40,1,1,1
33,11,1119,418,89,40,1,1,1
34,11,1123,419,85,38,1,1,1
35,11,1123,419,85,38,1,1,1
36,11,1122,420,85,38,1,1,1
37,11,1125,419,85,38,1,1,1
38,11,1128,420,85,38,1,1,1
39,11,1130,419,85,38,1,1,1
40,11,1131,419,85,38,1,1,1
41,11,1131,418,89,40,1,1,1
42,11,1133,416,89,40,1,1,1
43,11,1134,417,89,40,1,1,1
44,11,1134,417,89,40,1,1,1
45,11,1135,418,89,40,1,1,1
46,11,1136,417,89,40,1,1,1
47,11,1138,418,89,40,1,1,1
48,11,1137,419,89,40,1,1,1
49,11,1140,419,89,40,1,1,1
50,11,1139,418,89,40,1,1,1
51,11,1141,419,89,40,1,1,1
52,11,1141,419,89,40,1,1,1
53,11,1143,419,89,40,1,1,1
54,11,1144,420,89,40,1,1,1
55,11,1143,420,89,40,1,1,1
56,11,1143,418,94,42,1,1,1
57,11,1146,420,89,40,1,1,1
58,11,1149,420,89,40,1,1,1
59,11,1149,419,89,40,1,1,1
60,11,1151,419,89,40,1,1,1
61,11,1152,420,89,40,1,1,1
62,11,1151,419,89,40,1,1,1
63,11,1153,419,89,40,1,1,1
64,11,1153,420,89,40,1,1,1
65,11,1150,419,94,42,1,1,1
66,11,1151,420,94,42,1,1,1
67,11,1150,420,94,42,1,1,1
68,11,1159,420,89,40,1,1,1
69,11,1161,420,89,40,1,1,1
70,11,1161,420,89,40,1,1,1
71,11,1161,420,94,42,1,1,1
72,11,1167,421,89,40,1,1,1
73,11,1169,421,89,40,1,1,1
74,11,1170,420,89,40,1,1,1
75,11,1167,420,94,42,1,1,1
76,11,1168,420,94,42,1,1,1
77,11,1171,420,94,42,1,1,1
78,11,1174,420,94,42,1,1,1
79,11,1178,421,94,42,1,1,1
80,11,1179,422,94,42,1,1,1
81,11,1181,422,94,42,1,1,1
82,11,1185,423,94,42,1,1,1
83,11,1190,423,94,42,1,1,1
84,11,1192,423,94,42,1,1,1
85,11,1191,420,98,44,1,1,1
86,11,1196,422,98,44,1,1,1
87,11,1199,422,98,44,1,1,1
88,11,1202,422,98,44,1,1,1
89,11,1204,423,98,44,1,1,1
90,11,1204,424,98,44,1,1,1
91,11,1207,423,98,44,1,1,1
92,11,1209,423,98,44,1,1,1
93,11,1214,424,98,44,1,1,1
94,11,1214,423,98,44,1,1,1
95,11,1215,424,98,44,1,1,1
0,13,951,541,67,82,1,1,1
1,13,950,542,67,83,1,1,1
2,13,949,543,68,83,1,1,1
3,13,947,543,68,83,1,1,1
4,13,946,544,69,84,1,1,1
5,13,946,544,69,84,1,1,1
6,13,945,545,69,85,1,1,1
7,13,943,546,69,85,1,1,1
8,13,942,547,70,85,1,1,1
9,13,941,548,70,86,1,1,1
10,13,941,548,70,86,1,1,1
11,13,940,549,71,86,1,1,1
12,13,939,549,71,87,1,1,1
13,13,938,550,72,88,1,1,1
14,13,938,551,72,88,1,1,1
15,13,938,551,72,88,1,1,1
16,13,939,552,72,88,1,1,1
17,13,940,553,72,89,1,1,1
18,13,941,555,72,88,1,1,1
19,13,944,555,74,90,1,1,1
20,13,943,556,73,89,1,1,1
21,13,946,556,74,91,1,1,1
22,13,948,557,75,91,1,1,1
23,13,949,558,75,92,1,1,1
24,13,950,559,76,93,1,1,1
25,13,950,559,76,93,1,1,1
26,13,951,560,76,93,1,1,1
27,13,952,561,77,94,1,1,1
28,13,952,561,77,95,1,1,1
29,13,952,562,78,95,1,1,1
30,13,952,562,78,95,1,1,1
31,13,952,563,78,96,1,1,1
32,13,952,565,79,96,1,1,1
33,13,952,566,79,97,1,1,1
34,13,951,567,80,98,1,1,1
35,13,951,567,80,98,1,1,1
36,13,950,568,81,99,1,1,1
37,13,950,569,81,99,1,1,1
38,13,950,570,82,100,1,1,1
39,13,949,571,82,101,1,1,1
40,13,949,571,82,101,1,1,1
41,13,949,572,83,101,1,1,1
42,13,948,573,84,102,1,1,1
43,13,948,574,84,103,1,1,1
44,13,947,575,85,104,1,1,1
45,13,947,575,85,104,1,1,1
46,13,947,576,86,105,1,1,1
47,13,946,577,86,106,1,1,1
48,13,946,578,87,106,1,1,1
49,13,945,579,88,107,1,1,1
50,13,945,579,88,107,1,1,1
51,13,945,580,88,108,1,1,1
52,13,943,581,89,109,1,1,1
53,13,942,582,90,110,1,1,1
54,13,941,584,91,111,1,1,1
55,13,941,584,91,111,1,1,1
56,13,941,585,92,112,1,1,1
57,13,940,585,92,113,1,1,1
58,13,939,587,93,114,1,1,1
59,13,939,588,94,115,1,1,1
60,13,939,588,94,115,1,1,1
61,13,937,589,95,116,1,1,1
62,13,937,590,96,117,1,1,1
63,13,935,591,97,118,1,1,1
64,13,934,593,97,119,1,1,1
65,13,934,593,98,120,1,1,1
66,13,933,594,99,121,1,1,1
67,13,932,596,99,121,1,1,1
68,13,933,596,100,122,1,1,1
69,13,934,597,101,123,1,1,1
70,13,934,597,101,123,1,1,1
71,13,935,599,102,125,1,1,1
72,13,936,600,103,126,1,1,1
73,13,937,601,104,127,1,1,1
74,13,936,602,105,128,1,1,1
75,13,936,602,105,128,1,1,1
76,13,936,604,106,130,1,1,1
77,13,937,605,107,131,1,1,1
78,13,938,606,108,132,1,1,1
79,13,939,608,109,133,1,1,1
80,13,939,608,109,134,1,1,1
81,13,941,609,110,135,1,1,1
82,13,942,610,111,136,1,1,1
83,13,943,612,112,138,1,1,1
84,13,944,614,114,139,1,1,1
85,13,944,614,114,139,1,1,1
86,13,946,615,115,140,1,1,1
87,13,946,617,116,142,1,1,1
88,13,947,618,117,144,1,1,1
89,13,947,620,118,145,1,1,1
90,13,947,620,118,145,1,1,1
91,13,948,621,120,146,1,1,1
92,13,947,623,121,148,1,1,1
93,13,948,625,122,149,1,1,1
94,13,947,626,123,151,1,1,1
95,13,947,626,123,151,1,1,1
0,14,1172,617,160,134,1,1,1
1,14,1171,619,162,135,1,1,1
2,14,1171,620,163,137,1,1,1
3,14,1170,621,165,138,1,1,1
4,14,1170,623,167,139,1,1,1
5,14,1170,623,167,140,1,1,1
6,14,1169,625,168,141,1,1,1
7,14,1168,626,169,142,1,1,1
8,14,1168,628,171,143,1,1,1
9,14,1167,630,173,145,1,1,1
10,14,1167,630,173,145,1,1,1
11,14,1167,631,174,146,1,1,1
12,14,1166,633,176,148,1,1,1
13,14,1167,635,178,149,1,1,1
14,14,1167,637,180,151,1,1,1
15,14,1167,636,180,151,1,1,1
16,14,1168,638,182,152,1,1,1
17,14,1170,640,184,154,1,1,1
18,14,1173,642,186,156,1,1,1
19,14,1176,645,188,157,1,1,1
20,14,1176,645,188,157,1,1,1
21,14,1178,646,191,160,1,1,1
22,14,1182,648,192,161,1,1,1
23,14,1184,651,194,163,1,1,1
24,14,1186,653,197,165,1,1,1
25,14,1186,653,197,165,1,1,1
26,14,1187,655,199,166,1,1,1
27,14,1189,657,201,168,1,1,1
28,14,1190,658,204,171,1,1,1
29,14,1191,661,206,173,1,1,1
30,14,1191,661,206,173,1,1,1
31,14,1192,663,208,175,1,1,1
32,14,1193,665,211,177,1,1,1
33,14,1194,667,213,179,1,1,1
34,14,1194,669,216,181,1,1,1
35,14,1194,669,216,181,1,1,1
36,14,1194,672,219,183,1,1,1
37,14,1194,673,222,186,1,1,1
38,14,1195,676,224,188,1,1,1
39,14,1195,678,227,190,1,1,1
40,14,1195,678,227,190,1,1,1
41,14,1196,680,230,193,1,1,1
42,14,1196,683,233,195,1,1,1
43,14,1197,686,235,197,1,1,1
44,14,1197,688,239,200,1,1,1
45,14,1197,688,239,200,1,1,1
46,14,1197,690,242,203,1,1,1
47,14,1198,693,245,206,1,1,1
48,14,1198,695,249,208,1,1,1
49,14,1199,698,252,211,1,1,1
50,14,1199,698,252,211,1,1,1
51,14,1198,700,257,215,1,1,1
52,14,1199,703,258,216,1,1,1
53,14,1198,705,263,220,1,1,1
54,14,1198,708,267,224,1,1,1
55,14,1198,708,267,223,1,1,1
56,14,1198,710,271,227,1,1,1
57,14,1199,713,274,230,1,1,1
58,14,1199,716,277,232,1,1,1
59,14,1199,719,282,236,1,1,1
60,14,1198,718,283,237,1,1,1
61,14,1199,722,286,240,1,1,1
62,14,1199,725,291,244,1,1,1
63,14,1198,727,295,247,1,1,1
64,14,1198,730,300,251,1,1,1
65,14,1198,730,300,251,1,1,1
66,14,1199,734,305,255,1,1,1
67,14,1199,736,310,259,1,1,1
68,14,1200,740,315,264,1,1,1
69,14,1202,743,321,268,1,1,1
70,14,1202,743,321,268,1,1,1
71,14,1204,746,326,273,1,1,1
72,14,1205,749,332,278,1,1,1
73,14,1207,753,337,282,1,1,1
74,14,1207,756,344,288,1,1,1
75,14,1207,756,344,288,1,1,1
76,14,1208,760,350,293,1,1,1
77,14,1210,763,357,299,1,1,1
78,14,1211,767,364,305,1,1,1
79,14,1214,771,371,311,1,1,1
80,14,1214,771,371,311,1,1,1
81,14,1216,775,378,317,1,1,1
82,14,1218,778,385,323,1,1,1
83,14,1221,783,392,329,1,1,1
84,14,1224,787,400,335,1,1,1
85,14,1224,787,400,335,1,1,1
86,14,1227,791,407,341,1,1,1
87,14,1229,796,413,346,1,1,1
88,14,1231,800,421,352,1,1,1
89,14,1233,805,427,358,1,1,1
90,14,1233,805,427,358,1,1,1
91,14,1235,809,434,364,1,1,1
92,14,1237,814,441,370,1,1,1
93,14,1240,819,448,375,1,1,1
94,14,1241,823,457,382,1,1,1
95,14,1241,823,457,382,1,1,1