0,0,1855,883,65,36,1,1,1
1,0,1851,883,65,36,1,1,1
2,0,1847,883,66,36,1,1,1
3,0,1843,883,65,36,1,1,1
4,0,1838,882,66,37,1,1,1
5,0,1836,883,65,36,1,1,1
6,0,1831,883,65,36,1,1,1
7,0,1827,882,64,36,1,1,1
8,0,1824,882,64,35,1,1,1
9,0,1820,882,63,35,1,1,1
10,0,1815,882,63,35,1,1,1
11,0,1811,881,63,35,1,1,1
12,0,1806,881,63,35,1,1,1
13,0,1801,881,63,35,1,1,1
14,0,1796,881,63,35,1,1,1
15,0,1791,880,63,35,1,1,1
16,0,1787,880,62,34,1,1,1
17,0,1782,880,61,34,1,1,1
18,0,1777,879,60,33,1,1,1
19,0,1772,879,60,33,1,1,1
20,0,1768,879,59,33,1,1,1
21,0,1764,879,59,33,1,1,1
22,0,1760,878,58,32,1,1,1
23,0,1755,878,58,32,1,1,1
24,0,1751,878,57,32,1,1,1
25,0,1746,878,57,32,1,1,1
26,0,1741,878,57,31,1,1,1
27,0,1736,878,56,31,1,1,1
28,0,1732,877,56,31,1,1,1
29,0,1727,877,56,31,1,1,1
30,0,1722,877,56,31,1,1,1
31,0,1718,877,54,30,1,1,1
32,0,1713,877,53,30,1,1,1
33,0,1708,877,52,29,1,1,1
34,0,1703,876,52,29,1,1,1
35,0,1697,875,52,29,1,1,1
36,0,1691,875,52,29,1,1,1
37,0,1687,874,51,28,1,1,1
38,0,1679,872,53,29,1,1,1
39,0,1672,872,52,29,1,1,1
40,0,1666,870,52,29,1,1,1
41,0,1658,869,52,29,1,1,1
42,0,1652,868,52,29,1,1,1
43,0,1645,867,52,29,1,1,1
44,0,1638,866,51,28,1,1,1
45,0,1629,864,52,29,1,1,1
46,0,1622,863,52,29,1,1,1
47,0,1615,862,51,28,1,1,1
48,0,1607,860,52,29,1,1,1
49,0,1598,859,52,29,1,1,1
50,0,1591,858,52,29,1,1,1
51,0,1583,857,51,28,1,1,1
52,0,1575,855,51,28,1,1,1
53,0,1568,854,51,28,1,1,1
54,0,1560,853,51,28,1,1,1
55,0,1552,851,51,28,1,1,1
56,0,1545,850,50,28,1,1,1
57,0,1536,849,51,28,1,1,1
58,0,1529,848,51,28,1,1,1
59,0,1521,846,52,29,1,1,1
60,0,1514,845,51,28,1,1,1
61,0,1505,843,52,29,1,1,1
62,0,1498,842,52,29,1,1,1
63,0,1490,840,53,29,1,1,1
64,0,1482,838,54,30,1,1,1
65,0,1474,836,53,30,1,1,1
66,0,1468,835,53,29,1,1,1
67,0,1460,834,53,29,1,1,1
68,0,1453,832,53,29,1,1,1
69,0,1445,830,54,30,1,1,1
70,0,1438,829,54,30,1,1,1
71,0,1431,828,54,30,1,1,1
72,0,1424,826,54,30,1,1,1
73,0,1416,825,55,30,1,1,1
74,0,1410,823,55,30,1,1,1
75,0,1403,822,55,30,1,1,1
76,0,1396,821,55,31,1,1,1
77,0,1390,820,55,30,1,1,1
78,0,1383,818,55,31,1,1,1
79,0,1377,817,55,30,1,1,1
80,0,1371,816,54,30,1,1,1
81,0,1365,815,54,30,1,1,1
82,0,1360,814,53,30,1,1,1
83,0,1355,814,52,29,1,1,1
84,0,1350,814,51,28,1,1,1
85,0,1344,813,51,28,1,1,1
86,0,1341,813,48,27,1,1,1
87,0,1336,812,47,26,1,1,1
88,0,1331,812,47,26,1,1,1
89,0,1326,811,47,26,1,1,1
90,0,1321,810,46,26,1,1,1
91,0,1316,809,46,25,1,1,1
92,0,1312,809,45,25,1,1,1
93,0,1307,808,44,24,1,1,1
94,0,1303,807,43,24,1,1,1
95,0,1299,806,42,23,1,1,1
96,0,1294,805,42,23,1,1,1
97,0,1290,804,42,23,1,1,1
98,0,1286,803,41,23,1,1,1
99,0,1282,802,41,22,1,1,1
100,0,1278,800,41,23,1,1,1
101,0,1274,799,41,23,1,1,1
102,0,1270,798,41,23,1,1,1
103,0,1267,797,41,22,1,1,1
104,0,1264,796,40,22,1,1,1
105,0,1261,796,39,21,1,1,1
106,0,1256,794,39,22,1,1,1
107,0,1253,794,38,21,1,1,1
108,0,1249,792,38,21,1,1,1
109,0,1245,791,38,21,1,1,1
110,0,1241,790,38,21,1,1,1
111,0,1236,788,38,21,1,1,1
112,0,1231,787,39,21,1,1,1
113,0,1226,785,39,21,1,1,1
114,0,1222,784,39,21,1,1,1
115,0,1217,783,38,21,1,1,1
116,0,1212,781,39,21,1,1,1
117,0,1207,780,39,21,1,1,1
118,0,1202,779,38,21,1,1,1
119,0,1197,777,38,21,1,1,1
120,0,1193,776,38,21,1,1,1
121,0,1188,774,38,21,1,1,1
0,1,1723,993,82,49,1,1,1
1,1,1716,991,81,49,1,1,1
2,1,1709,989,81,48,1,1,1
3,1,1702,986,81,48,1,1,1
4,1,1695,984,80,48,1,1,1
5,1,1687,981,81,49,1,1,1
6,1,1680,978,81,49,1,1,1
7,1,1672,975,81,48,1,1,1
8,1,1665,973,81,49,1,1,1
9,1,1657,970,81,48,1,1,1
10,1,1649,968,81,48,1,1,1
11,1,1641,965,81,48,1,1,1
12,1,1633,963,80,48,1,1,1
13,1,1625,960,81,48,1,1,1
14,1,1617,958,81,48,1,1,1
15,1,1609,955,81,48,1,1,1
16,1,1600,952,82,49,1,1,1
17,1,1591,950,82,49,1,1,1
18,1,1583,947,81,49,1,1,1
19,1,1575,945,81,48,1,1,1
20,1,1566,943,81,48,1,1,1
21,1,1558,941,80,48,1,1,1
22,1,1550,940,79,47,1,1,1
23,1,1542,939,77,46,1,1,1
24,1,1534,937,75,45,1,1,1
25,1,1526,935,75,45,1,1,1
26,1,1518,933,74,44,1,1,1
27,1,1510,931,73,44,1,1,1
28,1,1503,930,72,43,1,1,1
29,1,1496,928,71,43,1,1,1
30,1,1489,926,71,43,1,1,1
31,1,1483,925,68,41,1,1,1
32,1,1476,923,68,40,1,1,1
33,1,1469,922,67,40,1,1,1
34,1,1462,919,67,40,1,1,1
35,1,1455,918,66,40,1,1,1
36,1,1448,916,65,39,1,1,1
37,1,1441,914,65,39,1,1,1
38,1,1434,912,64,38,1,1,1
39,1,1426,909,63,38,1,1,1
40,1,1419,907,63,38,1,1,1
41,1,1412,905,63,37,1,1,1
42,1,1405,904,62,37,1,1,1
43,1,1398,902,61,36,1,1,1
44,1,1390,900,60,36,1,1,1
45,1,1383,898,59,35,1,1,1
46,1,1375,896,58,35,1,1,1
47,1,1368,894,58,35,1,1,1
48,1,1360,892,57,34,1,1,1
49,1,1353,890,57,34,1,1,1
50,1,1346,888,57,34,1,1,1
51,1,1338,886,57,34,1,1,1
52,1,1331,885,57,34,1,1,1
53,1,1324,883,56,34,1,1,1
54,1,1317,881,56,33,1,1,1
55,1,1310,879,55,33,1,1,1
56,1,1304,878,55,33,1,1,1
57,1,1297,876,54,33,1,1,1
58,1,1290,874,55,33,1,1,1
59,1,1284,873,54,32,1,1,1
60,1,1278,871,54,32,1,1,1
61,1,1272,869,54,32,1,1,1
62,1,1266,868,54,32,1,1,1
63,1,1259,866,54,32,1,1,1
64,1,1254,864,53,32,1,1,1
65,1,1248,862,53,32,1,1,1
66,1,1243,861,52,31,1,1,1
67,1,1236,859,52,31,1,1,1
68,1,1231,857,52,31,1,1,1
69,1,1226,856,52,31,1,1,1
70,1,1221,854,52,31,1,1,1
71,1,1216,853,51,31,1,1,1
72,1,1211,851,51,30,1,1,1
73,1,1206,850,50,30,1,1,1
74,1,1202,849,50,30,1,1,1
75,1,1198,848,49,29,1,1,1
76,1,1194,847,49,29,1,1,1
77,1,1190,846,49,29,1,1,1
78,1,1187,845,49,29,1,1,1
79,1,1184,844,48,29,1,1,1
80,1,1180,843,48,29,1,1,1
81,1,1177,842,47,28,1,1,1
82,1,1175,841,47,28,1,1,1
83,1,1172,841,47,28,1,1,1
84,1,1169,840,46,28,1,1,1
85,1,1167,839,46,27,1,1,1
86,1,1165,839,45,27,1,1,1
87,1,1162,838,45,27,1,1,1
88,1,1160,837,44,27,1,1,1
89,1,1158,837,44,26,1,1,1
90,1,1155,836,44,26,1,1,1
91,1,1153,835,43,26,1,1,1
92,1,1151,834,43,26,1,1,1
93,1,1149,834,43,26,1,1,1
94,1,1147,833,43,26,1,1,1
95,1,1145,832,43,25,1,1,1
96,1,1143,831,43,26,1,1,1
97,1,1141,831,43,25,1,1,1
98,1,1139,830,43,25,1,1,1
99,1,1137,829,43,25,1,1,1
100,1,1135,828,42,25,1,1,1
101,1,1133,827,42,25,1,1,1
102,1,1132,828,40,24,1,1,1
103,1,1131,827,39,24,1,1,1
104,1,1129,826,39,23,1,1,1
105,1,1127,826,39,23,1,1,1
106,1,1124,825,39,23,1,1,1
107,1,1122,824,39,23,1,1,1
108,1,1120,823,38,23,1,1,1
109,1,1117,822,38,23,1,1,1
110,1,1115,821,38,23,1,1,1
111,1,1112,820,38,23,1,1,1
112,1,1109,819,38,23,1,1,1
113,1,1106,818,38,23,1,1,1
114,1,1103,818,38,23,1,1,1
115,1,1100,817,38,23,1,1,1
116,1,1097,816,38,23,1,1,1
117,1,1094,815,38,23,1,1,1
118,1,1091,814,38,23,1,1,1
119,1,1088,814,37,22,1,1,1
120,1,1085,813,37,22,1,1,1
121,1,1082,812,37,22,1,1,1
0,2,1476,965,75,50,1,1,1
1,2,1470,963,75,50,1,1,1
2,2,1464,960,75,50,1,1,1
3,2,1458,958,74,49,1,1,1
4,2,1452,956,74,49,1,1,1
5,2,1446,953,74,49,1,1,1
6,2,1440,951,73,49,1,1,1
7,2,1434,949,72,48,1,1,1
8,2,1428,946,72,48,1,1,1
9,2,1422,944,71,47,1,1,1
10,2,1416,942,70,46,1,1,1
11,2,1410,940,69,46,1,1,1
12,2,1404,938,68,46,1,1,1
13,2,1399,936,68,45,1,1,1
14,2,1393,933,67,45,1,1,1
15,2,1387,931,67,45,1,1,1
16,2,1381,929,66,44,1,1,1
17,2,1375,926,66,44,1,1,1
18,2,1369,924,66,44,1,1,1
19,2,1363,922,66,44,1,1,1
20,2,1357,919,66,44,1,1,1
21,2,1351,917,66,44,1,1,1
22,2,1345,915,65,43,1,1,1
23,2,1340,913,65,43,1,1,1
24,2,1334,911,65,43,1,1,1
25,2,1329,909,65,43,1,1,1
26,2,1323,908,65,43,1,1,1
27,2,1318,906,64,43,1,1,1
28,2,1312,904,64,43,1,1,1
29,2,1308,903,63,42,1,1,1
30,2,1303,901,62,41,1,1,1
31,2,1297,899,62,41,1,1,1
32,2,1293,897,61,41,1,1,1
33,2,1287,895,61,41,1,1,1
34,2,1282,893,61,40,1,1,1
35,2,1277,891,61,40,1,1,1
36,2,1271,889,60,40,1,1,1
37,2,1266,887,60,40,1,1,1
38,2,1260,885,60,40,1,1,1
39,2,1254,883,59,39,1,1,1
40,2,1248,881,59,39,1,1,1
41,2,1242,879,59,39,1,1,1
42,2,1236,877,58,39,1,1,1
43,2,1229,875,58,38,1,1,1
44,2,1223,873,57,38,1,1,1
45,2,1217,871,56,38,1,1,1
46,2,1210,869,56,37,1,1,1
47,2,1204,867,56,37,1,1,1
48,2,1197,865,55,37,1,1,1
49,2,1191,863,55,37,1,1,1
50,2,1184,861,55,36,1,1,1
51,2,1177,859,55,37,1,1,1
52,2,1171,858,54,36,1,1,1
53,2,1165,856,54,36,1,1,1
54,2,1159,854,53,35,1,1,1
55,2,1152,852,52,35,1,1,1
56,2,1146,850,52,35,1,1,1
57,2,1140,849,52,34,1,1,1
58,2,1135,848,51,34,1,1,1
59,2,1129,846,51,34,1,1,1
60,2,1123,844,50,33,1,1,1
61,2,1118,842,50,33,1,1,1
62,2,1112,840,50,33,1,1,1
63,2,1107,838,49,33,1,1,1
64,2,1101,836,49,33,1,1,1
65,2,1096,834,49,33,1,1,1
66,2,1091,832,49,33,1,1,1
67,2,1085,830,49,33,1,1,1
68,2,1080,828,49,33,1,1,1
69,2,1075,827,49,33,1,1,1
70,2,1070,825,49,33,1,1,1
71,2,1064,823,49,33,1,1,1
72,2,1059,821,49,33,1,1,1
73,2,1054,819,49,33,1,1,1
74,2,1049,817,49,33,1,1,1
75,2,1044,815,49,33,1,1,1
76,2,1039,813,49,33,1,1,1
77,2,1034,812,49,33,1,1,1
78,2,1030,810,49,32,1,1,1
79,2,1025,808,48,32,1,1,1
80,2,1021,807,48,32,1,1,1
81,2,1017,806,47,31,1,1,1
82,2,1012,804,47,31,1,1,1
83,2,1008,802,47,31,1,1,1
84,2,1004,801,47,31,1,1,1
85,2,1000,799,46,31,1,1,1
86,2,996,797,46,31,1,1,1
87,2,992,796,46,31,1,1,1
88,2,987,794,46,30,1,1,1
89,2,984,793,45,30,1,1,1
90,2,979,791,45,30,1,1,1
91,2,975,789,45,30,1,1,1
92,2,971,787,45,30,1,1,1
93,2,967,786,45,30,1,1,1
94,2,963,784,45,30,1,1,1
95,2,959,783,45,30,1,1,1
96,2,955,781,44,29,1,1,1
97,2,951,780,43,29,1,1,1
98,2,948,779,42,28,1,1,1
99,2,944,777,42,28,1,1,1
100,2,940,776,42,28,1,1,1
101,2,937,774,42,28,1,1,1
102,2,933,772,42,28,1,1,1
103,2,929,770,42,28,1,1,1
104,2,925,769,42,28,1,1,1
105,2,922,767,42,28,1,1,1
106,2,918,765,41,27,1,1,1
107,2,914,764,41,27,1,1,1
108,2,910,762,41,27,1,1,1
109,2,906,760,41,27,1,1,1
110,2,902,758,41,27,1,1,1
111,2,898,757,41,27,1,1,1
112,2,893,755,41,27,1,1,1
113,2,889,753,41,27,1,1,1
114,2,884,751,41,27,1,1,1
115,2,880,750,41,27,1,1,1
116,2,875,748,41,27,1,1,1
117,2,870,747,41,27,1,1,1
118,2,866,745,41,27,1,1,1
119,2,861,743,41,27,1,1,1
120,2,856,742,41,27,1,1,1
121,2,852,740,40,27,1,1,1
0,3,1380,902,77,52,1,1,1
1,3,1371,899,76,51,1,1,1
2,3,1363,897,75,51,1,1,1
3,3,1355,894,74,50,1,1,1
4,3,1346,891,74,50,1,1,1
5,3,1338,888,73,49,1,1,1
6,3,1330,885,72,48,1,1,1
7,3,1322,883,71,48,1,1,1
8,3,1314,880,70,47,1,1,1
9,3,1306,877,69,47,1,1,1
10,3,1297,874,69,47,1,1,1
11,3,1289,871,69,46,1,1,1
12,3,1279,866,70,47,1,1,1
13,3,1272,863,70,47,1,1,1
14,3,1264,861,69,47,1,1,1
15,3,1256,858,69,47,1,1,1
16,3,1248,855,68,46,1,1,1
17,3,1241,852,68,46,1,1,1
18,3,1233,849,67,46,1,1,1
19,3,1226,848,65,44,1,1,1
20,3,1218,844,65,44,1,1,1
21,3,1211,841,65,44,1,1,1
22,3,1204,840,64,43,1,1,1
23,3,1197,837,63,43,1,1,1
24,3,1190,835,63,43,1,1,1
25,3,1183,832,63,42,1,1,1
26,3,1177,830,62,42,1,1,1
27,3,1170,828,61,42,1,1,1
28,3,1164,826,61,41,1,1,1
29,3,1158,824,60,41,1,1,1
30,3,1151,821,60,40,1,1,1
31,3,1145,819,59,40,1,1,1
32,3,1139,817,58,39,1,1,1
33,3,1133,815,58,39,1,1,1
34,3,1127,812,57,38,1,1,1
35,3,1120,810,57,38,1,1,1
36,3,1114,807,56,38,1,1,1
37,3,1107,805,56,38,1,1,1
38,3,1100,802,55,37,1,1,1
39,3,1093,800,56,38,1,1,1
40,3,1086,797,55,37,1,1,1
41,3,1079,795,54,37,1,1,1
42,3,1072,792,54,37,1,1,1
43,3,1064,790,54,36,1,1,1
44,3,1057,787,54,36,1,1,1
45,3,1049,784,54,37,1,1,1
46,3,1041,782,53,36,1,1,1
47,3,1034,780,52,35,1,1,1
48,3,1026,778,51,35,1,1,1
49,3,1018,776,51,35,1,1,1
50,3,1011,774,50,34,1,1,1
51,3,1003,772,50,34,1,1,1
52,3,995,769,50,34,1,1,1
53,3,988,768,49,33,1,1,1
54,3,981,766,48,32,1,1,1
55,3,974,764,48,32,1,1,1
56,3,967,762,46,31,1,1,1
57,3,960,761,45,30,1,1,1
58,3,953,759,45,30,1,1,1
59,3,946,758,43,29,1,1,1
60,3,940,756,42,29,1,1,1
61,3,933,755,42,28,1,1,1
62,3,925,752,42,28,1,1,1
63,3,918,750,41,28,1,1,1
64,3,911,748,41,28,1,1,1
65,3,904,746,41,28,1,1,1
66,3,897,744,41,28,1,1,1
67,3,890,742,41,28,1,1,1
68,3,883,740,42,28,1,1,1
69,3,875,737,43,29,1,1,1
70,3,868,735,43,29,1,1,1
71,3,861,733,43,29,1,1,1
72,3,855,731,43,29,1,1,1
73,3,849,730,41,28,1,1,1
74,3,842,728,41,28,1,1,1
75,3,836,726,41,27,1,1,1
76,3,830,724,41,28,1,1,1
77,3,824,722,40,27,1,1,1
78,3,819,720,40,27,1,1,1
79,3,813,718,40,27,1,1,1
80,3,808,716,40,27,1,1,1
81,3,802,715,39,26,1,1,1
82,3,797,713,39,26,1,1,1
83,3,792,711,38,26,1,1,1
84,3,787,710,38,25,1,1,1
85,3,782,708,36,25,1,1,1
86,3,777,707,35,24,1,1,1
87,3,772,704,35,24,1,1,1
88,3,767,702,35,24,1,1,1
89,3,762,701,35,24,1,1,1
90,3,758,699,35,24,1,1,1
91,3,753,697,34,23,1,1,1
92,3,749,695,34,23,1,1,1
93,3,744,693,34,23,1,1,1
94,3,740,692,33,22,1,1,1
95,3,735,690,33,22,1,1,1
96,3,730,688,33,22,1,1,1
97,3,725,686,32,22,1,1,1
98,3,722,686,29,19,1,1,1
99,3,717,685,28,19,1,1,1
100,3,713,683,28,19,1,1,1
101,3,708,681,27,18,1,1,1
102,3,703,679,27,18,1,1,1
103,3,698,677,27,18,1,1,1
104,3,693,675,27,18,1,1,1
105,3,688,673,27,18,1,1,1
106,3,682,671,28,19,1,1,1
107,3,677,670,28,19,1,1,1
108,3,672,668,28,19,1,1,1
109,3,667,666,27,18,1,1,1
110,3,661,664,28,19,1,1,1
111,3,655,662,28,19,1,1,1
112,3,649,660,28,19,1,1,1
113,3,643,659,29,19,1,1,1
114,3,636,657,30,20,1,1,1
115,3,630,655,30,20,1,1,1
116,3,625,654,30,20,1,1,1
117,3,619,653,29,19,1,1,1
118,3,612,652,29,19,1,1,1
119,3,606,651,28,19,1,1,1
120,3,599,649,28,19,1,1,1
121,3,591,648,29,20,1,1,1
0,4,1246,755,51,22,1,1,1
1,4,1245,755,52,22,1,1,1
2,4,1244,756,53,23,1,1,1
3,4,1242,756,54,23,1,1,1
4,4,1241,756,55,24,1,1,1
5,4,1241,757,54,23,1,1,1
6,4,1238,757,57,25,1,1,1
7,4,1236,757,58,25,1,1,1
8,4,1235,757,60,26,1,1,1
9,4,1233,757,61,26,1,1,1
10,4,1232,758,62,27,1,1,1
11,4,1230,758,62,27,1,1,1
12,4,1228,758,64,28,1,1,1
13,4,1227,758,64,28,1,1,1
14,4,1226,758,66,28,1,1,1
15,4,1224,759,67,29,1,1,1
16,4,1223,759,68,29,1,1,1
17,4,1222,759,68,29,1,1,1
18,4,1221,760,69,30,1,1,1
19,4,1220,760,70,30,1,1,1
20,4,1220,760,70,30,1,1,1
21,4,1220,760,72,31,1,1,1
22,4,1219,760,72,31,1,1,1
23,4,1219,761,73,32,1,1,1
24,4,1219,761,75,32,1,1,1
25,4,1219,762,76,33,1,1,1
26,4,1220,762,76,33,1,1,1
27,4,1220,763,77,33,1,1,1
28,4,1221,764,77,33,1,1,1
29,4,1223,764,77,33,1,1,1
30,4,1224,765,78,34,1,1,1
31,4,1225,765,78,34,1,1,1
32,4,1227,766,78,34,1,1,1
33,4,1228,767,78,34,1,1,1
34,4,1229,767,79,34,1,1,1
35,4,1230,768,79,34,1,1,1
36,4,1232,769,79,34,1,1,1
37,4,1233,770,78,34,1,1,1
38,4,1234,770,78,34,1,1,1
39,4,1234,771,78,34,1,1,1
40,4,1235,772,78,34,1,1,1
41,4,1235,772,78,34,1,1,1
42,4,1236,773,78,34,1,1,1
43,4,1236,774,78,34,1,1,1
44,4,1236,775,78,34,1,1,1
45,4,1236,775,78,34,1,1,1
46,4,1236,776,78,34,1,1,1
47,4,1236,777,77,33,1,1,1
48,4,1236,778,77,33,1,1,1
49,4,1236,779,77,33,1,1,1
50,4,1236,780,76,33,1,1,1
51,4,1237,781,76,33,1,1,1
52,4,1237,782,75,32,1,1,1
53,4,1237,783,75,32,1,1,1
54,4,1237,784,75,32,1,1,1
55,4,1237,785,75,33,1,1,1
56,4,1237,786,75,32,1,1,1
57,4,1237,786,75,32,1,1,1
58,4,1239,789,75,32,1,1,1
59,4,1239,790,75,32,1,1,1
60,4,1240,791,75,32,1,1,1
61,4,1240,792,76,33,1,1,1
62,4,1240,793,77,33,1,1,1
63,4,1241,794,77,33,1,1,1
64,4,1242,795,77,33,1,1,1
65,4,1244,796,77,33,1,1,1
66,4,1245,798,77,33,1,1,1
67,4,1246,799,78,34,1,1,1
68,4,1247,800,77,33,1,1,1
69,4,1249,801,78,34,1,1,1
70,4,1250,803,78,34,1,1,1
71,4,1251,804,79,34,1,1,1
72,4,1253,805,80,34,1,1,1
73,4,1254,806,81,35,1,1,1
74,4,1256,808,81,35,1,1,1
75,4,1258,809,81,35,1,1,1
76,4,1259,811,82,35,1,1,1
77,4,1261,812,82,35,1,1,1
78,4,1264,813,83,36,1,1,1
79,4,1265,815,84,36,1,1,1
80,4,1268,816,84,36,1,1,1
81,4,1270,818,85,36,1,1,1
82,4,1273,820,84,36,1,1,1
83,4,1275,821,85,36,1,1,1
84,4,1278,823,86,37,1,1,1
85,4,1281,824,86,37,1,1,1
86,4,1283,826,88,38,1,1,1
87,4,1285,827,89,38,1,1,1
88,4,1288,829,89,38,1,1,1
89,4,1291,831,89,39,1,1,1
90,4,1293,832,90,39,1,1,1
91,4,1295,834,90,39,1,1,1
92,4,1298,836,91,39,1,1,1
93,4,1300,838,91,39,1,1,1
94,4,1302,839,92,40,1,1,1
95,4,1305,841,91,39,1,1,1
96,4,1308,843,91,39,1,1,1
97,4,1310,845,91,39,1,1,1
98,4,1313,847,91,39,1,1,1
99,4,1315,848,91,39,1,1,1
100,4,1317,850,92,40,1,1,1
101,4,1319,852,93,40,1,1,1
102,4,1321,853,93,40,1,1,1
103,4,1324,855,93,40,1,1,1
104,4,1325,857,93,40,1,1,1
105,4,1327,859,94,41,1,1,1
106,4,1328,860,95,41,1,1,1
107,4,1330,862,95,41,1,1,1
108,4,1332,865,95,41,1,1,1
109,4,1334,867,94,41,1,1,1
110,4,1336,868,94,41,1,1,1
111,4,1337,870,94,41,1,1,1
112,4,1338,872,94,40,1,1,1
113,4,1339,874,94,40,1,1,1
114,4,1342,878,91,39,1,1,1
115,4,1342,880,91,39,1,1,1
116,4,1342,881,92,40,1,1,1
117,4,1342,882,93,40,1,1,1
118,4,1341,883,95,41,1,1,1
119,4,1341,885,97,42,1,1,1
120,4,1341,887,99,43,1,1,1
121,4,1342,889,100,43,1,1,1
0,5,1546,726,63,25,1,1,1
1,5,1545,727,63,25,1,1,1
2,5,1543,728,63,25,1,1,1
3,5,1542,729,63,25,1,1,1
4,5,1540,730,64,25,1,1,1
5,5,1539,731,64,25,1,1,1
6,5,1537,732,65,26,1,1,1
7,5,1535,733,65,26,1,1,1
8,5,1533,734,66,26,1,1,1
9,5,1532,735,66,26,1,1,1
10,5,1530,736,67,27,1,1,1
11,5,1528,737,68,27,1,1,1
12,5,1529,739,64,25,1,1,1
13,5,1530,741,61,24,1,1,1
14,5,1527,742,62,24,1,1,1
15,5,1525,743,62,24,1,1,1
16,5,1523,744,62,25,1,1,1
17,5,1520,744,63,25,1,1,1
18,5,1518,745,63,25,1,1,1
19,5,1516,746,63,25,1,1,1
20,5,1513,747,63,25,1,1,1
21,5,1510,748,64,25,1,1,1
22,5,1507,749,65,26,1,1,1
23,5,1505,751,65,26,1,1,1
24,5,1502,752,66,26,1,1,1
25,5,1499,753,66,26,1,1,1
26,5,1497,754,67,26,1,1,1
27,5,1494,755,67,27,1,1,1
28,5,1492,756,67,27,1,1,1
29,5,1490,758,67,27,1,1,1
30,5,1487,759,67,26,1,1,1
31,5,1485,760,67,26,1,1,1
32,5,1482,761,67,26,1,1,1
33,5,1479,762,67,27,1,1,1
34,5,1476,763,66,26,1,1,1
35,5,1473,763,67,27,1,1,1
36,5,1469,764,67,27,1,1,1
37,5,1466,765,67,26,1,1,1
38,5,1462,765,67,27,1,1,1
39,5,1459,766,67,27,1,1,1
40,5,1454,766,67,26,1,1,1
41,5,1450,767,67,27,1,1,1
42,5,1445,767,68,27,1,1,1
43,5,1440,767,68,27,1,1,1
44,5,1435,768,68,27,1,1,1
45,5,1430,768,67,27,1,1,1
46,5,1425,768,68,27,1,1,1
47,5,1420,768,68,27,1,1,1
48,5,1414,769,68,27,1,1,1
49,5,1409,769,67,27,1,1,1
50,5,1403,769,67,27,1,1,1
51,5,1398,769,67,27,1,1,1
52,5,1393,770,67,27,1,1,1
53,5,1387,770,67,27,1,1,1
54,5,1382,770,66,26,1,1,1
55,5,1377,770,66,26,1,1,1
56,5,1371,771,66,26,1,1,1
57,5,1366,771,66,26,1,1,1
58,5,1361,771,66,26,1,1,1
59,5,1355,772,65,26,1,1,1
60,5,1350,772,65,26,1,1,1
61,5,1345,772,65,26,1,1,1
62,5,1340,772,64,26,1,1,1
63,5,1335,772,64,25,1,1,1
64,5,1330,772,64,25,1,1,1
65,5,1325,772,63,25,1,1,1
66,5,1321,773,62,25,1,1,1
67,5,1317,773,62,24,1,1,1
68,5,1312,773,61,24,1,1,1
69,5,1308,773,60,24,1,1,1
70,5,1303,773,60,24,1,1,1
71,5,1299,773,60,24,1,1,1
72,5,1294,773,60,24,1,1,1
73,5,1289,772,60,24,1,1,1
74,5,1285,772,59,24,1,1,1
75,5,1280,772,59,24,1,1,1
76,5,1276,772,59,24,1,1,1
77,5,1272,772,59,23,1,1,1
78,5,1268,772,59,23,1,1,1
79,5,1264,772,59,23,1,1,1
80,5,1260,772,58,23,1,1,1
81,5,1256,772,58,23,1,1,1
82,5,1252,771,58,23,1,1,1
83,5,1248,771,58,23,1,1,1
84,5,1244,771,58,23,1,1,1
85,5,1240,771,58,23,1,1,1
86,5,1236,771,58,23,1,1,1
87,5,1233,771,58,23,1,1,1
88,5,1229,771,57,23,1,1,1
89,5,1226,771,55,22,1,1,1
90,5,1222,770,55,22,1,1,1
91,5,1219,770,54,22,1,1,1
92,5,1215,770,54,21,1,1,1
93,5,1211,770,53,21,1,1,1
94,5,1208,770,53,21,1,1,1
95,5,1205,770,52,21,1,1,1
96,5,1200,769,52,21,1,1,1
97,5,1196,769,52,20,1,1,1
98,5,1192,769,51,20,1,1,1
99,5,1189,768,51,20,1,1,1
100,5,1185,768,50,20,1,1,1
101,5,1181,768,49,20,1,1,1
102,5,1177,767,50,20,1,1,1
103,5,1172,766,50,20,1,1,1
104,5,1169,766,49,20,1,1,1
105,5,1164,765,50,20,1,1,1
106,5,1160,765,49,20,1,1,1
107,5,1156,765,49,19,1,1,1
108,5,1150,764,49,20,1,1,1
109,5,1146,763,48,19,1,1,1
110,5,1141,762,49,19,1,1,1
111,5,1137,762,48,19,1,1,1
112,5,1132,762,47,19,1,1,1
113,5,1126,761,47,19,1,1,1
114,5,1121,761,47,19,1,1,1
115,5,1115,760,47,19,1,1,1
116,5,1110,760,46,18,1,1,1
117,5,1104,759,46,18,1,1,1
118,5,1097,758,47,19,1,1,1
119,5,1092,757,47,19,1,1,1
120,5,1086,756,46,18,1,1,1
121,5,1082,756,45,18,1,1,1
0,6,450,600,56,51,1,1,1
1,6,448,599,55,50,1,1,1
2,6,445,597,55,50,1,1,1
3,6,442,595,54,49,1,1,1
4,6,439,593,54,49,1,1,1
5,6,435,591,55,50,1,1,1
6,6,432,589,54,49,1,1,1
7,6,429,587,54,49,1,1,1
8,6,426,585,53,48,1,1,1
9,6,423,584,53,48,1,1,1
10,6,420,582,52,48,1,1,1
11,6,417,580,52,47,1,1,1
12,6,414,578,52,47,1,1,1
13,6,410,576,52,47,1,1,1
14,6,407,575,52,47,1,1,1
15,6,403,573,51,47,1,1,1
16,6,400,571,51,46,1,1,1
17,6,396,569,50,45,1,1,1
18,6,393,568,49,45,1,1,1
19,6,390,566,49,44,1,1,1
20,6,386,565,48,44,1,1,1
21,6,383,563,48,43,1,1,1
22,6,381,563,46,42,1,1,1
23,6,377,560,47,43,1,1,1
24,6,373,559,47,43,1,1,1
25,6,370,557,46,42,1,1,1
26,6,367,556,46,42,1,1,1
27,6,364,554,46,42,1,1,1
28,6,361,552,46,42,1,1,1
29,6,358,551,46,42,1,1,1
30,6,356,550,45,41,1,1,1
31,6,353,548,45,41,1,1,1
32,6,350,546,45,41,1,1,1
33,6,347,545,45,41,1,1,1
34,6,344,543,44,40,1,1,1
35,6,341,541,44,40,1,1,1
36,6,338,540,44,40,1,1,1
37,6,335,539,43,39,1,1,1
38,6,331,537,43,39,1,1,1
39,6,327,535,43,39,1,1,1
40,6,323,533,43,39,1,1,1
41,6,319,532,43,39,1,1,1
42,6,315,530,43,39,1,1,1
43,6,310,529,43,39,1,1,1
44,6,306,527,43,39,1,1,1
45,6,301,526,43,39,1,1,1
46,6,296,524,43,39,1,1,1
47,6,291,523,43,39,1,1,1
48,6,286,521,43,39,1,1,1
49,6,281,520,43,39,1,1,1
50,6,276,518,43,39,1,1,1
51,6,271,517,43,39,1,1,1
52,6,266,515,43,39,1,1,1
53,6,261,514,43,39,1,1,1
54,6,256,513,43,39,1,1,1
55,6,251,511,43,39,1,1,1
56,6,247,510,42,39,1,1,1
57,6,242,509,43,39,1,1,1
58,6,237,507,42,39,1,1,1
59,6,232,506,42,39,1,1,1
60,6,228,505,42,38,1,1,1
61,6,223,503,42,38,1,1,1
62,6,219,502,41,38,1,1,1
63,6,215,501,41,38,1,1,1
64,6,211,499,41,37,1,1,1
65,6,207,498,41,37,1,1,1
66,6,203,497,41,37,1,1,1
67,6,199,495,41,37,1,1,1
68,6,195,494,41,37,1,1,1
69,6,191,493,41,37,1,1,1
70,6,187,492,40,37,1,1,1
71,6,184,490,40,37,1,1,1
72,6,180,489,40,36,1,1,1
73,6,177,488,40,36,1,1,1
74,6,173,486,40,36,1,1,1
75,6,170,485,39,36,1,1,1
76,6,167,483,40,36,1,1,1
77,6,163,482,40,36,1,1,1
78,6,161,481,39,36,1,1,1
79,6,158,479,39,35,1,1,1
80,6,155,478,39,35,1,1,1
81,6,153,477,39,35,1,1,1
82,6,150,475,38,35,1,1,1
83,6,148,474,38,35,1,1,1
84,6,146,473,38,34,1,1,1
85,6,143,471,38,34,1,1,1
86,6,141,470,38,34,1,1,1
87,6,139,468,37,34,1,1,1
88,6,137,467,37,34,1,1,1
89,6,135,465,37,34,1,1,1
90,6,133,464,37,34,1,1,1
91,6,130,463,37,34,1,1,1
92,6,128,461,37,34,1,1,1
93,6,126,460,36,33,1,1,1
94,6,124,458,36,33,1,1,1
95,6,122,457,36,33,1,1,1
96,6,120,456,36,33,1,1,1
97,6,118,454,36,33,1,1,1
98,6,117,453,36,33,1,1,1
99,6,115,452,36,32,1,1,1
100,6,113,450,36,32,1,1,1
101,6,111,449,35,32,1,1,1
102,6,109,447,35,32,1,1,1
103,6,107,446,35,32,1,1,1
104,6,105,445,35,32,1,1,1
105,6,103,444,35,32,1,1,1
106,6,101,442,34,31,1,1,1
107,6,98,441,34,31,1,1,1
108,6,96,439,34,31,1,1,1
109,6,93,438,34,31,1,1,1
110,6,91,437,34,31,1,1,1
111,6,88,435,34,31,1,1,1
112,6,85,434,34,31,1,1,1
113,6,82,433,34,31,1,1,1
114,6,79,432,34,31,1,1,1
115,6,75,430,34,31,1,1,1
116,6,72,429,34,31,1,1,1
117,6,69,428,34,31,1,1,1
118,6,65,427,34,31,1,1,1
119,6,62,425,33,30,1,1,1
120,6,59,424,33,30,1,1,1
121,6,56,423,33,30,1,1,1
0,7,860,633,40,23,1,1,1
1,7,857,632,40,23,1,1,1
2,7,854,632,40,23,1,1,1
3,7,852,631,40,23,1,1,1
4,7,849,630,40,23,1,1,1
5,7,846,629,41,23,1,1,1
6,7,843,628,40,23,1,1,1
7,7,840,628,40,23,1,1,1
8,7,837,627,40,23,1,1,1
9,7,834,626,40,23,1,1,1
10,7,831,625,39,23,1,1,1
11,7,827,625,39,22,1,1,1
12,7,824,624,38,22,1,1,1
13,7,821,623,39,22,1,1,1
14,7,817,622,39,23,1,1,1
15,7,814,622,38,22,1,1,1
16,7,811,621,37,21,1,1,1
17,7,808,620,37,21,1,1,1
18,7,805,620,37,21,1,1,1
19,7,801,619,37,21,1,1,1
20,7,798,618,37,21,1,1,1
21,7,795,617,36,21,1,1,1
22,7,792,617,36,21,1,1,1
23,7,789,616,36,21,1,1,1
24,7,786,615,36,21,1,1,1
25,7,783,615,36,21,1,1,1
26,7,780,614,36,21,1,1,1
27,7,777,613,36,21,1,1,1
28,7,774,613,36,21,1,1,1
29,7,771,612,36,20,1,1,1
30,7,768,612,36,21,1,1,1
31,7,766,611,35,20,1,1,1
32,7,763,610,36,21,1,1,1
33,7,760,610,36,21,1,1,1
34,7,758,609,36,21,1,1,1
35,7,754,608,36,21,1,1,1
36,7,751,607,36,21,1,1,1
37,7,748,606,35,20,1,1,1
38,7,745,605,36,20,1,1,1
39,7,741,604,36,21,1,1,1
40,7,737,604,36,21,1,1,1
41,7,733,603,36,20,1,1,1
42,7,729,602,35,20,1,1,1
43,7,725,601,36,20,1,1,1
44,7,720,600,36,20,1,1,1
45,7,716,599,36,21,1,1,1
46,7,711,598,36,21,1,1,1
47,7,706,598,36,20,1,1,1
48,7,702,597,36,21,1,1,1
49,7,697,596,36,21,1,1,1
50,7,692,595,36,21,1,1,1
51,7,687,595,36,20,1,1,1
52,7,682,594,36,21,1,1,1
53,7,677,593,36,21,1,1,1
54,7,673,593,36,21,1,1,1
55,7,670,593,34,19,1,1,1
56,7,664,591,36,21,1,1,1
57,7,659,591,36,21,1,1,1
58,7,653,590,37,21,1,1,1
59,7,649,589,36,21,1,1,1
60,7,645,589,36,21,1,1,1
61,7,640,588,36,21,1,1,1
62,7,636,587,35,20,1,1,1
63,7,632,587,35,20,1,1,1
64,7,628,586,35,20,1,1,1
65,7,623,585,35,20,1,1,1
66,7,619,585,35,20,1,1,1
67,7,615,584,34,20,1,1,1
68,7,611,583,34,20,1,1,1
69,7,607,583,34,19,1,1,1
70,7,603,582,33,19,1,1,1
71,7,599,581,34,19,1,1,1
72,7,595,580,34,19,1,1,1
73,7,591,580,34,19,1,1,1
74,7,587,579,33,19,1,1,1
75,7,584,578,33,19,1,1,1
76,7,580,578,33,19,1,1,1
77,7,577,577,33,19,1,1,1
78,7,574,576,33,19,1,1,1
79,7,571,575,33,19,1,1,1
80,7,568,575,32,18,1,1,1
81,7,565,574,31,18,1,1,1
82,7,563,574,30,17,1,1,1
83,7,560,573,30,17,1,1,1
84,7,557,572,30,17,1,1,1
85,7,555,572,29,17,1,1,1
86,7,552,571,29,17,1,1,1
87,7,549,570,29,17,1,1,1
88,7,546,569,29,17,1,1,1
89,7,543,568,29,17,1,1,1
90,7,541,568,29,17,1,1,1
91,7,538,567,29,17,1,1,1
92,7,535,566,28,16,1,1,1
93,7,533,565,28,16,1,1,1
94,7,530,565,28,16,1,1,1
95,7,527,564,28,16,1,1,1
96,7,524,563,28,16,1,1,1
97,7,522,562,28,16,1,1,1
98,7,519,561,28,16,1,1,1
99,7,516,560,27,16,1,1,1
100,7,514,559,28,16,1,1,1
101,7,511,558,27,16,1,1,1
102,7,508,557,28,16,1,1,1
103,7,505,557,27,16,1,1,1
104,7,502,556,27,16,1,1,1
105,7,499,555,27,16,1,1,1
106,7,497,554,27,15,1,1,1
107,7,494,553,27,16,1,1,1
108,7,491,552,27,16,1,1,1
109,7,488,551,27,16,1,1,1
110,7,484,550,27,15,1,1,1
111,7,481,549,27,15,1,1,1
112,7,478,548,27,16,1,1,1
113,7,474,547,27,16,1,1,1
114,7,471,546,27,15,1,1,1
115,7,467,546,27,15,1,1,1
116,7,464,545,27,15,1,1,1
117,7,460,544,27,16,1,1,1
118,7,456,543,27,15,1,1,1
119,7,453,542,26,15,1,1,1
120,7,449,542,26,15,1,1,1
121,7,445,541,26,15,1,1,1
0,8,1138,665,57,30,1,1,1
1,8,1135,665,56,30,1,1,1
2,8,1131,664,56,29,1,1,1
3,8,1128,664,55,29,1,1,1
4,8,1125,664,53,28,1,1,1
5,8,1120,663,54,28,1,1,1
6,8,1117,662,54,28,1,1,1
7,8,1113,662,53,28,1,1,1
8,8,1109,661,53,28,1,1,1
9,8,1105,660,53,28,1,1,1
10,8,1100,659,53,28,1,1,1
11,8,1096,658,53,28,1,1,1
12,8,1092,657,54,28,1,1,1
13,8,1087,656,55,29,1,1,1
14,8,1082,655,56,30,1,1,1
15,8,1078,655,57,30,1,1,1
16,8,1073,653,57,30,1,1,1
17,8,1070,653,57,30,1,1,1
18,8,1066,651,57,30,1,1,1
19,8,1061,651,57,30,1,1,1
20,8,1057,650,57,30,1,1,1
21,8,1052,649,58,30,1,1,1
22,8,1048,649,57,30,1,1,1
23,8,1044,648,57,30,1,1,1
24,8,1040,648,56,30,1,1,1
25,8,1036,647,57,30,1,1,1
26,8,1032,646,57,30,1,1,1
27,8,1028,646,56,30,1,1,1
28,8,1024,645,56,30,1,1,1
29,8,1021,645,56,30,1,1,1
30,8,1017,644,58,31,1,1,1
31,8,1014,644,58,31,1,1,1
32,8,1009,643,55,29,1,1,1
33,8,1005,643,55,29,1,1,1
34,8,1001,642,55,29,1,1,1
35,8,997,641,54,28,1,1,1
36,8,993,641,54,28,1,1,1
37,8,988,640,54,28,1,1,1
38,8,984,639,53,28,1,1,1
39,8,979,638,53,28,1,1,1
40,8,974,637,54,28,1,1,1
41,8,969,637,53,28,1,1,1
42,8,964,636,52,28,1,1,1
43,8,959,635,52,28,1,1,1
44,8,953,634,53,28,1,1,1
45,8,947,633,52,27,1,1,1
46,8,942,633,51,27,1,1,1
47,8,936,632,51,27,1,1,1
48,8,931,632,51,27,1,1,1
49,8,925,631,50,27,1,1,1
50,8,920,630,50,26,1,1,1
51,8,914,630,50,26,1,1,1
52,8,908,629,50,26,1,1,1
53,8,903,628,50,26,1,1,1
54,8,897,627,50,26,1,1,1
55,8,892,627,49,26,1,1,1
56,8,887,627,49,26,1,1,1
57,8,881,626,49,26,1,1,1
58,8,876,625,48,26,1,1,1
59,8,870,625,48,26,1,1,1
60,8,865,624,49,26,1,1,1
61,8,859,623,49,26,1,1,1
62,8,854,622,48,25,1,1,1
63,8,849,621,49,26,1,1,1
64,8,844,620,49,26,1,1,1
65,8,839,620,49,26,1,1,1
66,8,835,619,48,25,1,1,1
67,8,829,618,49,26,1,1,1
68,8,824,617,48,25,1,1,1
69,8,820,617,49,26,1,1,1
70,8,815,616,48,25,1,1,1
71,8,810,615,48,25,1,1,1
72,8,806,615,48,25,1,1,1
73,8,801,614,48,25,1,1,1
74,8,797,613,48,25,1,1,1
75,8,792,612,48,25,1,1,1
76,8,788,611,47,25,1,1,1
77,8,784,611,47,25,1,1,1
78,8,780,610,47,25,1,1,1
79,8,776,609,46,24,1,1,1
80,8,772,609,46,24,1,1,1
81,8,768,608,46,24,1,1,1
82,8,764,607,45,24,1,1,1
83,8,761,607,45,24,1,1,1
84,8,757,606,45,24,1,1,1
85,8,753,605,44,23,1,1,1
86,8,750,605,44,23,1,1,1
87,8,746,604,43,23,1,1,1
88,8,743,603,43,23,1,1,1
89,8,740,602,43,22,1,1,1
90,8,736,601,42,22,1,1,1
91,8,733,601,42,22,1,1,1
92,8,729,600,42,22,1,1,1
93,8,726,599,41,22,1,1,1
94,8,723,598,41,21,1,1,1
95,8,719,597,41,21,1,1,1
96,8,716,596,41,22,1,1,1
97,8,712,595,41,21,1,1,1
98,8,709,595,41,22,1,1,1
99,8,705,594,41,21,1,1,1
100,8,702,593,41,22,1,1,1
101,8,699,592,40,21,1,1,1
102,8,695,591,40,21,1,1,1
103,8,692,590,40,21,1,1,1
104,8,688,589,40,21,1,1,1
105,8,685,588,40,21,1,1,1
106,8,682,588,39,21,1,1,1
107,8,678,587,39,21,1,1,1
108,8,674,586,39,21,1,1,1
109,8,671,585,39,20,1,1,1
110,8,667,584,39,20,1,1,1
111,8,662,583,39,21,1,1,1
112,8,658,582,39,20,1,1,1
113,8,654,581,39,20,1,1,1
114,8,650,580,38,20,1,1,1
115,8,645,580,38,20,1,1,1
116,8,641,579,38,20,1,1,1
117,8,637,578,38,20,1,1,1
118,8,632,577,38,20,1,1,1
119,8,628,576,37,20,1,1,1
120,8,624,576,36,19,1,1,1
121,8,619,574,37,19,1,1,1
0,9,419,508,24,23,1,1,1
1,9,416,507,24,23,1,1,1
2,9,413,506,24,23,1,1,1
3,9,411,505,24,23,1,1,1
4,9,408,504,24,23,1,1,1
5,9,405,503,24,23,1,1,1
6,9,402,502,24,23,1,1,1
7,9,399,501,24,23,1,1,1
8,9,396,500,24,23,1,1,1
9,9,393,499,24,23,1,1,1
10,9,390,498,24,23,1,1,1
11,9,387,497,23,22,1,1,1
12,9,384,496,24,23,1,1,1
13,9,381,495,24,23,1,1,1
14,9,378,494,24,23,1,1,1
15,9,375,494,23,22,1,1,1
16,9,372,493,23,22,1,1,1
17,9,369,492,23,22,1,1,1
18,9,366,491,23,22,1,1,1
19,9,363,490,23,22,1,1,1
20,9,360,489,23,22,1,1,1
21,9,357,488,23,22,1,1,1
22,9,354,487,23,22,1,1,1
23,9,351,486,23,22,1,1,1
24,9,348,486,23,22,1,1,1
25,9,346,485,23,22,1,1,1
26,9,343,484,23,22,1,1,1
27,9,341,483,23,22,1,1,1
28,9,338,482,23,22,1,1,1
29,9,336,482,23,22,1,1,1
30,9,334,480,23,22,1,1,1
31,9,331,480,23,22,1,1,1
32,9,329,479,23,22,1,1,1
33,9,327,478,23,22,1,1,1
34,9,324,477,23,22,1,1,1
35,9,322,476,23,22,1,1,1
36,9,319,475,23,22,1,1,1
37,9,316,474,23,22,1,1,1
38,9,313,473,23,22,1,1,1
39,9,310,472,23,22,1,1,1
40,9,307,471,22,21,1,1,1
41,9,303,470,22,22,1,1,1
42,9,299,469,22,21,1,1,1
43,9,295,468,23,22,1,1,1
44,9,291,467,23,22,1,1,1
45,9,286,466,23,22,1,1,1
46,9,282,465,23,22,1,1,1
47,9,278,465,22,22,1,1,1
48,9,273,464,22,22,1,1,1
49,9,269,463,23,22,1,1,1
50,9,264,462,23,22,1,1,1
51,9,260,462,22,21,1,1,1
52,9,256,461,22,21,1,1,1
53,9,251,460,22,21,1,1,1
54,9,247,459,21,21,1,1,1
55,9,243,459,21,21,1,1,1
56,9,239,458,21,20,1,1,1
57,9,234,457,21,20,1,1,1
58,9,230,456,21,20,1,1,1
59,9,226,456,21,20,1,1,1
60,9,222,455,21,20,1,1,1
61,9,219,454,21,20,1,1,1
62,9,215,454,21,20,1,1,1
63,9,211,453,21,20,1,1,1
64,9,208,452,21,20,1,1,1
65,9,204,451,21,20,1,1,1
66,9,201,450,21,20,1,1,1
67,9,198,449,21,20,1,1,1
68,9,194,448,21,20,1,1,1
69,9,191,448,21,20,1,1,1
70,9,188,447,21,20,1,1,1
71,9,185,446,21,20,1,1,1
72,9,181,445,21,21,1,1,1
73,9,178,444,22,21,1,1,1
74,9,176,444,21,20,1,1,1
75,9,173,442,21,20,1,1,1
76,9,170,442,21,20,1,1,1
77,9,168,441,21,20,1,1,1
78,9,165,440,21,20,1,1,1
79,9,163,439,21,20,1,1,1
80,9,161,438,21,20,1,1,1
81,9,159,437,21,20,1,1,1
82,9,157,436,21,20,1,1,1
83,9,155,435,21,20,1,1,1
84,9,152,434,22,21,1,1,1
85,9,151,433,21,20,1,1,1
86,9,149,432,22,21,1,1,1
87,9,148,432,21,20,1,1,1
88,9,145,430,22,21,1,1,1
89,9,144,429,22,21,1,1,1
90,9,142,428,21,20,1,1,1
91,9,141,427,21,20,1,1,1
92,9,139,426,21,20,1,1,1
93,9,138,425,21,20,1,1,1
94,9,137,424,21,20,1,1,1
95,9,135,423,21,20,1,1,1
96,9,133,422,21,20,1,1,1
97,9,133,422,20,19,1,1,1
98,9,131,420,21,20,1,1,1
99,9,129,420,20,20,1,1,1
100,9,127,418,21,20,1,1,1
101,9,126,418,21,20,1,1,1
102,9,124,416,21,20,1,1,1
103,9,123,415,21,20,1,1,1
104,9,120,414,22,21,1,1,1
105,9,118,413,22,21,1,1,1
106,9,117,412,22,21,1,1,1
107,9,115,411,22,21,1,1,1
108,9,113,410,21,20,1,1,1
109,9,111,409,22,21,1,1,1
110,9,109,408,21,20,1,1,1
111,9,106,407,21,20,1,1,1
112,9,105,406,20,19,1,1,1
113,9,102,405,20,20,1,1,1
114,9,99,404,20,20,1,1,1
115,9,95,403,21,20,1,1,1
116,9,93,402,21,20,1,1,1
117,9,90,402,21,20,1,1,1
118,9,87,401,20,20,1,1,1
119,9,84,400,20,19,1,1,1
120,9,81,399,20,20,1,1,1
121,9,78,398,20,20,1,1,1
0,10,560,515,35,24,1,1,1
1,10,557,514,35,24,1,1,1
2,10,554,514,34,24,1,1,1
3,10,551,513,34,23,1,1,1
4,10,548,512,34,23,1,1,1
5,10,544,511,33,23,1,1,1
6,10,541,510,34,23,1,1,1
7,10,538,509,33,23,1,1,1
8,10,535,508,33,23,1,1,1
9,10,532,507,33,22,1,1,1
10,10,528,506,33,22,1,1,1
11,10,524,505,33,23,1,1,1
12,10,521,504,33,23,1,1,1
13,10,517,503,34,23,1,1,1
14,10,513,502,34,23,1,1,1
15,10,510,501,33,23,1,1,1
16,10,506,501,33,23,1,1,1
17,10,502,500,33,23,1,1,1
18,10,499,499,33,23,1,1,1
19,10,495,498,33,23,1,1,1
20,10,492,497,32,22,1,1,1
21,10,489,497,32,22,1,1,1
22,10,485,496,31,22,1,1,1
23,10,482,495,31,21,1,1,1
24,10,478,495,31,21,1,1,1
25,10,476,494,31,21,1,1,1
26,10,472,494,31,21,1,1,1
27,10,470,493,30,21,1,1,1
28,10,467,492,30,21,1,1,1
29,10,465,492,30,20,1,1,1
30,10,461,491,30,20,1,1,1
31,10,459,490,29,20,1,1,1
32,10,456,489,30,20,1,1,1
33,10,453,489,29,20,1,1,1
34,10,450,488,29,20,1,1,1
35,10,447,487,29,20,1,1,1
36,10,444,486,29,20,1,1,1
37,10,441,485,30,20,1,1,1
38,10,437,484,30,20,1,1,1
39,10,434,483,29,20,1,1,1
40,10,430,482,29,20,1,1,1
41,10,426,481,29,20,1,1,1
42,10,422,480,29,20,1,1,1
43,10,418,479,29,20,1,1,1
44,10,413,478,28,19,1,1,1
45,10,409,478,28,19,1,1,1
46,10,404,477,28,19,1,1,1
47,10,400,476,28,19,1,1,1
48,10,395,475,28,19,1,1,1
49,10,390,475,27,19,1,1,1
50,10,385,474,27,19,1,1,1
51,10,381,473,27,19,1,1,1
52,10,376,472,27,18,1,1,1
53,10,372,472,27,19,1,1,1
54,10,367,471,27,18,1,1,1
55,10,362,470,26,18,1,1,1
56,10,358,469,27,18,1,1,1
57,10,353,469,26,18,1,1,1
58,10,349,468,26,18,1,1,1
59,10,344,467,26,18,1,1,1
60,10,340,467,26,18,1,1,1
61,10,337,466,26,18,1,1,1
62,10,333,465,26,18,1,1,1
63,10,329,464,25,17,1,1,1
64,10,325,464,25,17,1,1,1
65,10,322,463,25,17,1,1,1
66,10,318,462,25,17,1,1,1
67,10,315,462,25,17,1,1,1
68,10,311,461,25,17,1,1,1
69,10,308,460,25,17,1,1,1
70,10,305,459,25,17,1,1,1
71,10,302,459,24,17,1,1,1
72,10,299,458,24,17,1,1,1
73,10,296,457,24,17,1,1,1
74,10,293,456,24,16,1,1,1
75,10,290,455,24,16,1,1,1
76,10,287,454,24,16,1,1,1
77,10,284,453,24,17,1,1,1
78,10,282,452,24,16,1,1,1
79,10,279,451,24,17,1,1,1
80,10,276,450,24,17,1,1,1
81,10,275,450,24,16,1,1,1
82,10,273,449,24,16,1,1,1
83,10,271,448,24,16,1,1,1
84,10,268,447,24,16,1,1,1
85,10,266,446,24,16,1,1,1
86,10,265,445,24,16,1,1,1
87,10,263,444,24,16,1,1,1
88,10,261,443,24,16,1,1,1
89,10,259,442,23,16,1,1,1
90,10,257,441,23,16,1,1,1
91,10,255,440,23,16,1,1,1
92,10,254,439,23,16,1,1,1
93,10,252,438,23,16,1,1,1
94,10,251,438,23,16,1,1,1
95,10,250,437,23,15,1,1,1
96,10,248,435,23,16,1,1,1
97,10,246,434,23,16,1,1,1
98,10,246,434,23,16,1,1,1
99,10,244,433,23,16,1,1,1
100,10,242,432,23,16,1,1,1
101,10,241,431,23,16,1,1,1
102,10,239,430,23,16,1,1,1
103,10,237,429,22,15,1,1,1
104,10,236,428,22,15,1,1,1
105,10,234,427,22,15,1,1,1
106,10,233,426,22,15,1,1,1
107,10,230,425,22,15,1,1,1
108,10,229,424,22,15,1,1,1
109,10,227,423,22,15,1,1,1
110,10,225,422,22,15,1,1,1
111,10,222,421,22,15,1,1,1
112,10,220,420,23,16,1,1,1
113,10,217,419,22,15,1,1,1
114,10,214,418,22,15,1,1,1
115,10,212,417,22,15,1,1,1
116,10,210,416,22,15,1,1,1
117,10,207,415,22,15,1,1,1
118,10,204,414,22,15,1,1,1
119,10,201,413,22,15,1,1,1
120,10,199,413,21,15,1,1,1
121,10,196,412,22,15,1,1,1
0,12,198,417,33,24,1,1,1
1,12,196,416,33,24,1,1,1
2,12,194,416,33,24,1,1,1
3,12,191,415,34,25,1,1,1
4,12,189,414,34,25,1,1,1
5,12,186,413,35,25,1,1,1
6,12,184,413,34,25,1,1,1
7,12,181,412,35,26,1,1,1
8,12,179,411,34,25,1,1,1
9,12,175,410,36,26,1,1,1
10,12,172,409,36,26,1,1,1
11,12,169,409,36,26,1,1,1
12,12,166,408,36,26,1,1,1
13,12,163,407,36,26,1,1,1
14,12,160,406,36,26,1,1,1
15,12,157,406,36,26,1,1,1
16,12,155,406,35,26,1,1,1
17,12,152,405,35,26,1,1,1
18,12,148,404,35,26,1,1,1
19,12,145,404,36,26,1,1,1
20,12,143,403,35,26,1,1,1
21,12,139,403,35,26,1,1,1
22,12,137,402,35,25,1,1,1
23,12,134,402,35,25,1,1,1
24,12,131,401,35,26,1,1,1
25,12,129,401,34,25,1,1,1
26,12,126,400,34,25,1,1,1
27,12,124,400,34,25,1,1,1
28,12,122,400,34,25,1,1,1
29,12,119,399,34,25,1,1,1
30,12,117,399,33,24,1,1,1
31,12,115,398,33,24,1,1,1
32,12,112,398,33,24,1,1,1
33,12,110,397,33,24,1,1,1
34,12,108,396,33,24,1,1,1
35,12,105,396,34,25,1,1,1
36,12,102,395,34,25,1,1,1
37,12,100,394,34,25,1,1,1
38,12,97,393,34,25,1,1,1
39,12,93,393,34,25,1,1,1
40,12,90,392,34,25,1,1,1
41,12,86,392,34,25,1,1,1
42,12,83,391,34,24,1,1,1
43,12,79,390,34,25,1,1,1
44,12,74,389,33,24,1,1,1
45,12,70,388,34,24,1,1,1
46,12,65,388,34,24,1,1,1
47,12,61,387,33,24,1,1,1
48,12,56,386,34,25,1,1,1
49,12,51,386,33,24,1,1,1
50,12,46,385,33,24,1,1,1
51,12,42,385,33,24,1,1,1
52,12,37,384,33,24,1,1,1
53,12,33,384,32,24,1,1,1
54,12,28,383,33,24,1,1,1
55,12,24,383,33,24,1,1,1
56,12,20,382,32,23,1,1,1
57,12,15,382,32,23,1,1,1
58,12,11,381,32,24,1,1,1
59,12,6,381,33,24,1,1,1
60,12,2,380,32,23,1,1,1
61,12,-2,379,32,23,1,1,1
62,12,-5,379,32,23,1,1,1
63,12,-10,378,33,24,1,1,1
0,11,617,527,24,18,1,1,1
1,11,615,527,24,18,1,1,1
2,11,612,526,24,18,1,1,1
3,11,610,525,24,18,1,1,1
4,11,608,525,24,18,1,1,1
5,11,606,524,24,18,1,1,1
6,11,603,524,24,18,1,1,1
7,11,601,523,24,18,1,1,1
8,11,599,523,24,18,1,1,1
9,11,596,522,24,18,1,1,1
10,11,594,522,24,18,1,1,1
11,11,592,522,23,18,1,1,1
12,11,589,521,23,18,1,1,1
13,11,586,520,25,18,1,1,1
14,11,583,520,24,18,1,1,1
15,11,581,519,23,18,1,1,1
16,11,579,519,23,17,1,1,1
17,11,576,519,23,18,1,1,1
18,11,574,518,23,17,1,1,1
19,11,571,518,23,17,1,1,1
20,11,568,517,23,17,1,1,1
21,11,566,517,23,17,1,1,1
22,11,563,516,23,17,1,1,1
23,11,561,516,23,17,1,1,1
24,11,559,516,23,17,1,1,1
25,11,556,515,23,17,1,1,1
26,11,554,515,23,17,1,1,1
27,11,552,514,23,17,1,1,1
28,11,550,514,23,17,1,1,1
29,11,548,514,23,18,1,1,1
30,11,547,513,23,17,1,1,1
31,11,544,512,24,18,1,1,1
32,11,542,512,24,18,1,1,1
33,11,540,512,24,18,1,1,1
34,11,538,511,23,17,1,1,1
35,11,536,511,23,17,1,1,1
36,11,534,510,23,17,1,1,1
37,11,532,510,22,17,1,1,1
38,11,529,509,23,17,1,1,1
39,11,526,508,23,17,1,1,1
40,11,523,507,23,17,1,1,1
41,11,520,507,23,17,1,1,1
42,11,516,506,23,17,1,1,1
43,11,513,506,22,17,1,1,1
44,11,509,505,23,17,1,1,1
45,11,505,505,22,17,1,1,1
46,11,501,504,22,17,1,1,1
47,11,498,504,22,17,1,1,1
48,11,494,504,22,16,1,1,1
49,11,489,503,22,16,1,1,1
50,11,485,503,22,16,1,1,1
51,11,481,503,21,16,1,1,1
52,11,477,502,21,16,1,1,1
53,11,473,502,21,16,1,1,1
54,11,469,501,22,16,1,1,1
55,11,465,501,22,16,1,1,1
56,11,461,500,22,16,1,1,1
57,11,457,500,22,16,1,1,1
58,11,453,500,22,16,1,1,1
59,11,450,499,21,16,1,1,1
60,11,446,499,21,16,1,1,1
61,11,442,498,21,16,1,1,1
62,11,439,498,21,16,1,1,1
63,11,436,498,20,15,1,1,1
64,11,433,497,20,15,1,1,1
65,11,429,497,20,15,1,1,1
66,11,426,496,20,15,1,1,1
67,11,423,496,20,15,1,1,1
68,11,420,495,20,15,1,1,1
69,11,416,495,20,15,1,1,1
70,11,414,495,20,15,1,1,1
71,11,411,494,20,15,1,1,1
72,11,408,494,20,15,1,1,1
73,11,405,493,19,15,1,1,1
74,11,402,493,19,14,1,1,1
75,11,399,492,19,14,1,1,1
76,11,397,492,19,14,1,1,1
77,11,394,491,19,14,1,1,1
78,11,392,490,19,14,1,1,1
79,11,389,490,19,14,1,1,1
80,11,387,489,19,14,1,1,1
81,11,385,489,19,14,1,1,1
82,11,383,488,19,14,1,1,1
83,11,381,487,19,14,1,1,1
84,11,379,487,19,14,1,1,1
85,11,377,486,19,14,1,1,1
86,11,375,486,19,14,1,1,1
87,11,374,485,18,14,1,1,1
88,11,372,485,18,14,1,1,1
89,11,370,484,18,14,1,1,1
90,11,368,483,18,14,1,1,1
91,11,367,483,18,13,1,1,1
92,11,365,482,18,13,1,1,1
93,11,364,482,18,13,1,1,1
94,11,362,481,17,13,1,1,1
95,11,361,480,17,13,1,1,1
96,11,359,480,17,13,1,1,1
97,11,358,479,17,13,1,1,1
98,11,356,478,17,13,1,1,1
99,11,354,477,17,13,1,1,1
100,11,353,477,17,13,1,1,1
101,11,351,476,17,13,1,1,1
102,11,350,475,17,13,1,1,1
103,11,348,475,17,13,1,1,1
104,11,346,474,17,13,1,1,1
105,11,344,473,17,13,1,1,1
106,11,342,472,17,13,1,1,1
107,11,341,472,17,13,1,1,1
108,11,338,471,17,13,1,1,1
109,11,336,470,17,13,1,1,1
110,11,334,470,17,13,1,1,1
111,11,331,469,17,13,1,1,1
112,11,329,468,17,12,1,1,1
113,11,326,467,17,13,1,1,1
114,11,324,467,17,12,1,1,1
115,11,321,466,17,13,1,1,1
116,11,318,465,17,13,1,1,1
117,11,315,465,17,12,1,1,1
118,11,312,464,17,12,1,1,1
119,11,309,463,17,13,1,1,1
120,11,306,463,17,13,1,1,1
121,11,303,462,17,13,1,1,1
0,13,666,506,23,15,1,1,1
1,13,667,506,23,15,1,1,1
2,13,667,507,23,15,1,1,1
3,13,669,507,23,15,1,1,1
4,13,670,508,23,15,1,1,1
5,13,671,508,23,15,1,1,1
6,13,672,508,23,15,1,1,1
7,13,672,509,23,15,1,1,1
8,13,673,509,23,15,1,1,1
9,13,674,510,23,15,1,1,1
10,13,675,510,23,15,1,1,1
11,13,676,510,23,15,1,1,1
12,13,676,511,23,15,1,1,1
13,13,677,511,23,15,1,1,1
14,13,678,512,22,14,1,1,1
15,13,678,512,22,15,1,1,1
16,13,679,513,21,14,1,1,1
17,13,680,513,21,14,1,1,1
18,13,681,514,21,14,1,1,1
19,13,681,514,21,13,1,1,1
20,13,682,515,20,13,1,1,1
21,13,683,515,20,13,1,1,1
22,13,684,516,20,13,1,1,1
23,13,685,516,20,13,1,1,1
24,13,686,517,20,13,1,1,1
25,13,687,517,20,13,1,1,1
26,13,688,518,20,13,1,1,1
27,13,689,519,19,13,1,1,1
28,13,691,519,19,13,1,1,1
29,13,692,520,19,13,1,1,1
30,13,694,521,19,12,1,1,1
31,13,695,521,19,12,1,1,1
32,13,696,522,19,12,1,1,1
33,13,698,522,19,12,1,1,1
34,13,699,523,19,12,1,1,1
35,13,700,523,19,12,1,1,1
36,13,701,524,18,12,1,1,1
37,13,703,524,18,12,1,1,1
38,13,703,525,19,12,1,1,1
39,13,704,525,18,12,1,1,1
40,13,705,526,18,12,1,1,1
41,13,705,526,18,12,1,1,1
42,13,705,527,18,12,1,1,1
43,13,705,527,18,12,1,1,1
44,13,705,528,18,12,1,1,1
45,13,705,528,18,12,1,1,1
46,13,705,529,18,11,1,1,1
47,13,705,529,17,11,1,1,1
48,13,705,530,18,12,1,1,1
49,13,705,530,18,12,1,1,1
50,13,705,531,18,11,1,1,1
51,13,705,532,18,11,1,1,1
52,13,704,533,17,11,1,1,1
53,13,704,533,17,11,1,1,1
54,13,704,534,17,11,1,1,1
55,13,704,535,17,11,1,1,1
56,13,704,535,17,11,1,1,1
57,13,704,536,17,11,1,1,1
58,13,704,537,17,11,1,1,1
59,13,705,538,17,11,1,1,1
60,13,705,538,17,11,1,1,1
61,13,706,539,17,11,1,1,1
62,13,706,540,17,11,1,1,1
63,13,706,540,17,11,1,1,1
64,13,706,541,17,11,1,1,1
65,13,707,542,17,11,1,1,1
66,13,708,543,17,11,1,1,1
67,13,708,544,16,11,1,1,1
68,13,709,544,16,11,1,1,1
69,13,710,545,17,11,1,1,1
70,13,711,546,17,11,1,1,1
71,13,712,546,17,11,1,1,1
72,13,714,547,17,11,1,1,1
73,13,715,548,16,11,1,1,1
74,13,716,549,16,11,1,1,1
75,13,718,550,16,10,1,1,1
76,13,720,551,16,10,1,1,1
77,13,722,551,16,10,1,1,1
78,13,723,552,16,10,1,1,1
79,13,725,553,16,10,1,1,1
80,13,726,554,16,10,1,1,1
81,13,728,554,16,10,1,1,1
82,13,730,555,16,10,1,1,1
83,13,733,556,16,10,1,1,1
84,13,735,557,16,10,1,1,1
85,13,737,558,16,10,1,1,1
86,13,739,559,16,11,1,1,1
87,13,741,559,16,11,1,1,1
88,13,743,560,16,11,1,1,1
89,13,745,561,17,11,1,1,1
90,13,748,562,17,11,1,1,1
91,13,749,563,17,11,1,1,1
92,13,752,564,17,11,1,1,1
93,13,754,565,17,11,1,1,1
94,13,757,566,17,11,1,1,1
95,13,759,567,17,11,1,1,1
96,13,761,568,17,11,1,1,1
97,13,764,568,17,11,1,1,1
98,13,767,570,17,11,1,1,1
99,13,769,571,17,11,1,1,1
100,13,772,571,17,11,1,1,1
101,13,775,572,17,11,1,1,1
102,13,777,573,17,11,1,1,1
103,13,780,574,17,11,1,1,1
104,13,782,575,17,11,1,1,1
105,13,785,576,18,11,1,1,1
106,13,787,577,17,11,1,1,1
107,13,789,578,18,12,1,1,1
108,13,792,579,18,12,1,1,1
109,13,794,580,18,12,1,1,1
110,13,797,581,18,12,1,1,1
111,13,799,582,18,12,1,1,1
112,13,801,583,18,12,1,1,1
113,13,803,584,18,12,1,1,1
114,13,805,585,18,12,1,1,1
115,13,808,586,18,12,1,1,1
116,13,810,588,18,12,1,1,1
117,13,812,589,18,12,1,1,1
118,13,814,590,18,12,1,1,1
119,13,815,591,19,12,1,1,1
120,13,818,592,18,12,1,1,1
121,13,820,593,19,12,1,1,1
0,16,1651,745,269,130,1,1,1
1,16,1650,750,269,130,1,1,1
2,16,1650,750,269,130,1,1,1
3,16,1651,752,269,130,1,1,1
4,16,1650,754,269,130,1,1,1
5,16,1651,753,269,130,1,1,1
6,16,1650,754,269,130,1,1,1
7,16,1670,755,269,130,1,1,1
8,16,1650,757,269,130,1,1,1
9,16,1673,757,269,130,1,1,1
10,16,1670,758,269,130,1,1,1
11,16,1663,764,256,124,1,1,1
12,16,1678,762,269,130,1,1,1
13,16,1675,762,269,130,1,1,1
14,16,1673,763,269,130,1,1,1
15,16,1681,767,256,124,1,1,1
16,16,1681,768,256,124,1,1,1
17,16,1683,769,256,124,1,1,1
18,16,1684,770,256,124,1,1,1
19,16,1685,771,256,124,1,1,1
20,16,1687,771,256,124,1,1,1
21,16,1686,771,256,124,1,1,1
22,16,1690,772,256,124,1,1,1
23,16,1695,776,244,118,1,1,1
24,16,1700,778,244,118,1,1,1
25,16,1703,781,232,112,1,1,1
26,16,1687,785,232,112,1,1,1
27,16,1705,786,232,112,1,1,1
28,16,1707,786,232,112,1,1,1
29,16,1709,788,232,112,1,1,1
30,16,1712,789,232,112,1,1,1
31,16,1711,789,232,112,1,1,1
32,16,1718,793,221,107,1,1,1
33,16,1722,795,221,107,1,1,1
34,16,1724,797,221,107,1,1,1
35,16,1726,797,221,107,1,1,1
36,16,1723,798,221,107,1,1,1
37,16,1736,799,211,102,1,1,1
38,16,1719,807,201,97,1,1,1
39,16,1718,809,201,97,1,1,1
40,16,1718,809,201,97,1,1,1
41,16,1740,812,201,97,1,1,1
42,16,1737,811,201,97,1,1,1
43,16,1719,814,201,97,1,1,1
44,16,1739,815,201,97,1,1,1
45,16,1737,814,201,97,1,1,1
46,16,1727,821,191,92,1,1,1
47,16,1743,819,201,97,1,1,1
48,16,1745,818,201,97,1,1,1
49,16,1742,819,201,97,1,1,1
50,16,1745,824,191,92,1,1,1
51,16,1745,824,191,92,1,1,1
52,16,1748,825,191,92,1,1,1
53,16,1746,828,191,92,1,1,1
54,16,1737,832,182,88,1,1,1
55,16,1753,833,182,88,1,1,1
56,16,1736,832,182,88,1,1,1
57,16,1736,835,182,88,1,1,1
58,16,1748,835,191,92,1,1,1
59,16,1745,836,191,92,1,1,1
60,16,1736,838,182,88,1,1,1
61,16,1737,839,182,88,1,1,1
62,16,1745,844,173,84,1,1,1
63,16,1745,846,173,84,1,1,1
64,16,1746,846,173,84,1,1,1
65,16,1753,851,165,80,1,1,1
66,16,1753,852,165,80,1,1,1
67,16,1761,854,157,76,1,1,1
68,16,1753,854,165,80,1,1,1
69,16,1772,856,165,80,1,1,1
70,16,1773,857,165,80,1,1,1
71,16,1781,863,173,84,1,1,1
72,16,1779,863,173,84,1,1,1
73,16,1782,866,165,80,1,1,1
74,16,1781,865,165,80,1,1,1
75,16,1782,865,165,80,1,1,1
76,16,1761,868,157,76,1,1,1
77,16,1771,866,165,80,1,1,1
78,16,1762,872,157,76,1,1,1
79,16,1762,876,157,76,1,1,1
80,16,1761,879,157,76,1,1,1
81,16,1778,878,157,76,1,1,1
82,16,1778,876,157,76,1,1,1
0,18,1419,649,99,39,1,1,1
1,18,1420,650,99,39,1,1,1
2,18,1421,650,100,39,1,1,1
3,18,1422,651,100,39,1,1,1
4,18,1423,651,100,39,1,1,1
5,18,1423,652,100,40,1,1,1
6,18,1424,652,100,40,1,1,1
7,18,1425,653,101,40,1,1,1
8,18,1426,653,101,40,1,1,1
9,18,1427,654,101,40,1,1,1
10,18,1427,654,102,40,1,1,1
11,18,1428,655,102,40,1,1,1
12,18,1429,655,102,40,1,1,1
13,18,1430,656,102,40,1,1,1
14,18,1430,656,102,40,1,1,1
15,18,1431,656,103,40,1,1,1
16,18,1431,657,103,41,1,1,1
17,18,1432,657,103,41,1,1,1
18,18,1433,658,103,41,1,1,1
19,18,1433,658,104,41,1,1,1
20,18,1434,659,104,41,1,1,1
21,18,1435,659,104,41,1,1,1
22,18,1436,660,105,41,1,1,1
23,18,1437,661,105,41,1,1,1
24,18,1437,661,105,41,1,1,1
25,18,1439,662,105,41,1,1,1
26,18,1440,663,105,41,1,1,1
27,18,1441,664,106,42,1,1,1
28,18,1442,664,107,42,1,1,1
29,18,1443,665,107,42,1,1,1
30,18,1445,666,108,42,1,1,1
31,18,1446,667,108,43,1,1,1
32,18,1448,668,108,42,1,1,1
33,18,1448,668,109,43,1,1,1
34,18,1450,669,108,43,1,1,1
35,18,1451,670,108,42,1,1,1
36,18,1452,670,109,43,1,1,1
37,18,1453,671,109,43,1,1,1
38,18,1454,671,110,43,1,1,1
39,18,1455,672,110,43,1,1,1
40,18,1455,672,110,43,1,1,1
41,18,1455,673,110,43,1,1,1
42,18,1455,673,111,44,1,1,1
43,18,1455,674,111,44,1,1,1
44,18,1455,674,111,44,1,1,1
45,18,1454,675,112,44,1,1,1
46,18,1454,675,112,44,1,1,1
47,18,1454,676,113,44,1,1,1
48,18,1453,676,113,45,1,1,1
49,18,1452,677,114,45,1,1,1
50,18,1452,677,114,45,1,1,1
51,18,1451,678,114,45,1,1,1
52,18,1451,679,115,45,1,1,1
53,18,1450,679,115,45,1,1,1
54,18,1450,680,116,46,1,1,1
55,18,1450,680,116,46,1,1,1
56,18,1450,681,115,45,1,1,1
57,18,1449,682,116,46,1,1,1
58,18,1449,683,116,46,1,1,1
59,18,1449,683,115,45,1,1,1
60,18,1450,684,116,46,1,1,1
61,18,1450,684,115,45,1,1,1
62,18,1450,685,117,46,1,1,1
63,18,1450,686,117,46,1,1,1
64,18,1451,686,116,46,1,1,1
65,18,1451,687,118,47,1,1,1
66,18,1451,687,119,47,1,1,1
67,18,1452,688,119,47,1,1,1
68,18,1452,689,120,47,1,1,1
69,18,1453,689,121,48,1,1,1
70,18,1454,690,121,48,1,1,1
71,18,1455,691,122,48,1,1,1
72,18,1456,691,122,48,1,1,1
73,18,1457,692,122,48,1,1,1
74,18,1457,692,123,48,1,1,1
75,18,1459,693,123,49,1,1,1
76,18,1460,694,124,49,1,1,1
77,18,1461,695,124,49,1,1,1
78,18,1463,696,125,49,1,1,1
79,18,1464,696,125,49,1,1,1
80,18,1466,697,126,49,1,1,1
81,18,1468,698,126,50,1,1,1
82,18,1470,699,126,50,1,1,1
83,18,1471,700,127,50,1,1,1
84,18,1473,701,127,50,1,1,1
85,18,1475,702,128,50,1,1,1
86,18,1477,703,128,51,1,1,1
87,18,1480,704,129,51,1,1,1
88,18,1482,705,129,51,1,1,1
89,18,1484,706,129,51,1,1,1
90,18,1486,706,130,51,1,1,1
91,18,1488,707,131,51,1,1,1
92,18,1490,708,131,52,1,1,1
93,18,1493,709,132,52,1,1,1
94,18,1495,710,132,52,1,1,1
95,18,1497,712,133,52,1,1,1
96,18,1500,713,133,53,1,1,1
97,18,1502,714,134,53,1,1,1
98,18,1504,715,134,53,1,1,1
99,18,1507,716,136,53,1,1,1
100,18,1509,717,135,53,1,1,1
101,18,1511,718,137,54,1,1,1
102,18,1514,719,137,54,1,1,1
103,18,1516,720,138,54,1,1,1
104,18,1518,721,139,55,1,1,1
105,18,1520,722,139,55,1,1,1
106,18,1522,723,140,55,1,1,1
107,18,1525,724,140,55,1,1,1
108,18,1526,725,141,56,1,1,1
109,18,1528,726,141,56,1,1,1
110,18,1530,727,142,56,1,1,1
111,18,1532,728,142,56,1,1,1
112,18,1534,729,143,56,1,1,1
113,18,1535,731,143,57,1,1,1
114,18,1536,732,144,57,1,1,1
115,18,1538,733,144,57,1,1,1
116,18,1539,734,145,57,1,1,1
117,18,1541,735,145,57,1,1,1
118,18,1542,736,145,57,1,1,1
119,18,1543,737,147,58,1,1,1
120,18,1545,738,148,58,1,1,1
121,18,1546,739,148,58,1,1,1
0,19,721,486,64,40,1,1,1
1,19,720,486,64,40,1,1,1
2,19,720,486,64,40,1,1,1
3,19,719,486,64,40,1,1,1
4,19,719,486,64,40,1,1,1
5,19,718,486,65,40,1,1,1
6,19,717,486,65,40,1,1,1
7,19,717,486,65,40,1,1,1
8,19,716,486,65,40,1,1,1
9,19,715,485,65,40,1,1,1
10,19,715,485,65,41,1,1,1
11,19,714,485,65,41,1,1,1
12,19,713,485,65,41,1,1,1
13,19,712,485,65,41,1,1,1
14,19,711,485,66,41,1,1,1
15,19,710,485,66,41,1,1,1
16,19,709,485,65,41,1,1,1
17,19,708,485,66,41,1,1,1
18,19,707,485,66,41,1,1,1
19,19,706,485,66,41,1,1,1
20,19,705,485,66,41,1,1,1
21,19,705,485,66,41,1,1,1
22,19,704,485,66,41,1,1,1
23,19,703,485,66,41,1,1,1
24,19,702,485,67,42,1,1,1
25,19,702,485,67,42,1,1,1
26,19,701,485,67,42,1,1,1
27,19,701,485,67,42,1,1,1
28,19,700,485,67,42,1,1,1
29,19,700,485,67,42,1,1,1
30,19,700,485,67,42,1,1,1
31,19,699,485,67,42,1,1,1
32,19,699,485,67,42,1,1,1
33,19,699,485,67,42,1,1,1
34,19,698,485,67,42,1,1,1
35,19,698,485,68,42,1,1,1
36,19,697,485,68,42,1,1,1
37,19,696,485,68,42,1,1,1
38,19,695,485,68,42,1,1,1
39,19,694,485,68,42,1,1,1
40,19,693,485,68,43,1,1,1
41,19,691,484,68,43,1,1,1
42,19,689,484,68,43,1,1,1
43,19,687,484,68,43,1,1,1
44,19,685,484,68,43,1,1,1
45,19,683,484,69,43,1,1,1
46,19,681,484,69,43,1,1,1
47,19,679,484,69,43,1,1,1
48,19,677,484,69,43,1,1,1
49,19,675,484,69,43,1,1,1
50,19,672,484,69,43,1,1,1
51,19,670,484,69,43,1,1,1
52,19,668,484,70,43,1,1,1
53,19,665,484,70,44,1,1,1
54,19,663,484,70,44,1,1,1
55,19,661,484,70,44,1,1,1
56,19,659,484,70,44,1,1,1
57,19,657,484,70,44,1,1,1
58,19,655,484,70,44,1,1,1
59,19,653,484,70,44,1,1,1
60,19,651,484,70,44,1,1,1
61,19,649,484,71,44,1,1,1
62,19,647,484,71,44,1,1,1
63,19,646,484,71,44,1,1,1
64,19,644,484,71,44,1,1,1
65,19,643,484,71,45,1,1,1
66,19,641,484,71,45,1,1,1
67,19,640,484,72,45,1,1,1
68,19,638,484,72,45,1,1,1
69,19,637,484,72,45,1,1,1
70,19,636,484,72,45,1,1,1
71,19,635,484,72,45,1,1,1
72,19,634,484,72,45,1,1,1
73,19,632,483,72,45,1,1,1
74,19,631,483,72,45,1,1,1
75,19,630,483,73,45,1,1,1
76,19,630,483,73,45,1,1,1
77,19,629,483,73,45,1,1,1
78,19,628,483,73,46,1,1,1
79,19,628,483,73,46,1,1,1
80,19,627,483,73,46,1,1,1
81,19,627,483,73,46,1,1,1
82,19,626,483,73,46,1,1,1
83,19,626,483,73,46,1,1,1
84,19,626,483,74,46,1,1,1
85,19,626,482,74,46,1,1,1
86,19,626,482,74,46,1,1,1
87,19,626,482,74,46,1,1,1
88,19,625,482,74,46,1,1,1
89,19,625,482,74,46,1,1,1
90,19,625,482,74,46,1,1,1
91,19,625,482,74,46,1,1,1
92,19,625,482,74,46,1,1,1
93,19,625,482,75,47,1,1,1
94,19,625,482,75,47,1,1,1
95,19,625,482,75,47,1,1,1
96,19,625,482,75,47,1,1,1
97,19,625,481,75,47,1,1,1
98,19,625,481,75,47,1,1,1
99,19,625,481,75,47,1,1,1
100,19,625,481,76,47,1,1,1
101,19,625,481,76,47,1,1,1
102,19,625,481,76,47,1,1,1
103,19,625,481,76,47,1,1,1
104,19,625,481,76,47,1,1,1
105,19,625,481,76,48,1,1,1
106,19,624,480,76,48,1,1,1
107,19,624,480,76,48,1,1,1
108,19,624,480,76,48,1,1,1
109,19,623,480,77,48,1,1,1
110,19,623,480,77,48,1,1,1
111,19,622,480,77,48,1,1,1
112,19,621,480,77,48,1,1,1
113,19,620,480,77,48,1,1,1
114,19,619,480,77,48,1,1,1
115,19,618,480,77,48,1,1,1
116,19,617,479,78,49,1,1,1
117,19,615,479,78,49,1,1,1
118,19,614,479,78,49,1,1,1
119,19,613,479,78,49,1,1,1
120,19,612,479,78,49,1,1,1
121,19,611,479,78,49,1,1,1
0,20,583,455,79,31,1,1,1
1,20,582,455,79,31,1,1,1
2,20,581,455,80,31,1,1,1
3,20,581,455,79,31,1,1,1
4,20,580,455,79,31,1,1,1
5,20,579,454,80,31,1,1,1
6,20,578,454,80,31,1,1,1
7,20,578,454,80,31,1,1,1
8,20,577,454,80,31,1,1,1
9,20,576,454,80,31,1,1,1
10,20,575,454,80,31,1,1,1
11,20,574,453,80,31,1,1,1
12,20,573,453,80,31,1,1,1
13,20,572,453,81,32,1,1,1
14,20,571,453,81,32,1,1,1
15,20,570,453,81,32,1,1,1
16,20,569,453,81,32,1,1,1
17,20,568,453,81,32,1,1,1
18,20,567,452,81,32,1,1,1
19,20,566,452,81,32,1,1,1
20,20,564,452,81,32,1,1,1
21,20,563,452,81,32,1,1,1
22,20,562,452,81,32,1,1,1
23,20,562,452,81,32,1,1,1
24,20,561,452,81,32,1,1,1
25,20,560,452,82,32,1,1,1
26,20,559,452,82,32,1,1,1
27,20,558,452,82,32,1,1,1
28,20,558,452,82,32,1,1,1
29,20,558,452,82,32,1,1,1
30,20,557,452,82,32,1,1,1
31,20,557,452,82,32,1,1,1
32,20,556,452,82,32,1,1,1
33,20,556,451,82,32,1,1,1
34,20,555,451,82,32,1,1,1
35,20,554,451,82,32,1,1,1
36,20,554,451,83,32,1,1,1
37,20,553,451,83,32,1,1,1
38,20,551,451,83,32,1,1,1
39,20,550,450,83,32,1,1,1
40,20,549,450,83,33,1,1,1
41,20,547,450,83,33,1,1,1
42,20,545,450,83,33,1,1,1
43,20,543,449,83,33,1,1,1
44,20,541,449,83,33,1,1,1
45,20,539,449,84,33,1,1,1
46,20,536,449,84,33,1,1,1
47,20,534,449,84,33,1,1,1
48,20,531,449,84,33,1,1,1
49,20,529,449,84,33,1,1,1
50,20,526,448,84,33,1,1,1
51,20,524,448,84,33,1,1,1
52,20,521,448,84,33,1,1,1
53,20,519,448,85,33,1,1,1
54,20,516,448,84,33,1,1,1
55,20,514,448,85,33,1,1,1
56,20,512,448,85,33,1,1,1
57,20,509,448,85,33,1,1,1
58,20,507,448,85,33,1,1,1
59,20,505,448,85,33,1,1,1
60,20,503,448,85,33,1,1,1
61,20,501,448,85,34,1,1,1
62,20,499,448,85,34,1,1,1
63,20,497,447,86,34,1,1,1
64,20,496,447,86,34,1,1,1
65,20,494,447,86,34,1,1,1
66,20,492,447,86,34,1,1,1
67,20,490,447,86,34,1,1,1
68,20,489,447,86,34,1,1,1
69,20,487,447,87,34,1,1,1
70,20,486,447,87,34,1,1,1
71,20,484,446,87,34,1,1,1
72,20,483,446,87,34,1,1,1
73,20,481,446,88,34,1,1,1
74,20,480,446,88,35,1,1,1
75,20,479,445,88,35,1,1,1
76,20,478,445,88,35,1,1,1
77,20,477,445,88,35,1,1,1
78,20,476,445,88,35,1,1,1
79,20,475,445,89,35,1,1,1
80,20,475,444,89,35,1,1,1
81,20,474,444,89,35,1,1,1
82,20,473,444,89,35,1,1,1
83,20,473,444,89,35,1,1,1
84,20,473,444,89,35,1,1,1
85,20,472,443,90,35,1,1,1
86,20,472,443,90,35,1,1,1
87,20,472,443,90,35,1,1,1
88,20,472,443,90,35,1,1,1
89,20,471,443,90,35,1,1,1
90,20,471,442,90,35,1,1,1
91,20,471,442,90,35,1,1,1
92,20,471,442,90,35,1,1,1
93,20,471,442,90,35,1,1,1
94,20,470,441,91,36,1,1,1
95,20,470,441,91,36,1,1,1
96,20,470,441,91,36,1,1,1
97,20,470,441,91,36,1,1,1
98,20,470,440,91,36,1,1,1
99,20,470,440,91,36,1,1,1
100,20,470,440,91,36,1,1,1
101,20,469,440,92,36,1,1,1
102,20,469,439,92,36,1,1,1
103,20,469,439,92,36,1,1,1
104,20,468,439,92,36,1,1,1
105,20,468,439,92,36,1,1,1
106,20,468,438,92,36,1,1,1
107,20,467,438,92,36,1,1,1
108,20,466,438,92,36,1,1,1
109,20,466,437,93,36,1,1,1
110,20,465,437,93,36,1,1,1
111,20,464,437,93,36,1,1,1
112,20,463,437,93,36,1,1,1
113,20,462,436,93,37,1,1,1
114,20,460,436,93,37,1,1,1
115,20,459,436,94,37,1,1,1
116,20,458,436,94,37,1,1,1
117,20,456,435,94,37,1,1,1
118,20,454,435,94,37,1,1,1
119,20,453,435,94,37,1,1,1
120,20,452,435,94,37,1,1,1
121,20,451,435,94,37,1,1,1
0,21,1139,562,43,12,1,1,1
1,21,1141,562,43,12,1,1,1
2,21,1144,562,42,12,1,1,1
3,21,1145,562,43,12,1,1,1
4,21,1147,563,43,12,1,1,1
5,21,1149,563,43,12,1,1,1
6,21,1151,563,44,12,1,1,1
7,21,1153,563,44,12,1,1,1
8,21,1155,563,44,12,1,1,1
9,21,1157,563,44,12,1,1,1
10,21,1159,563,44,12,1,1,1
11,21,1161,564,44,12,1,1,1
12,21,1163,564,44,12,1,1,1
13,21,1165,564,43,12,1,1,1
14,21,1166,564,44,12,1,1,1
15,21,1168,564,44,12,1,1,1
16,21,1170,564,43,12,1,1,1
17,21,1171,565,44,12,1,1,1
18,21,1173,565,43,12,1,1,1
19,21,1174,565,44,12,1,1,1
20,21,1176,565,44,12,1,1,1
21,21,1177,565,43,12,1,1,1
22,21,1178,565,43,12,1,1,1
23,21,1180,566,44,12,1,1,1
24,21,1182,566,44,12,1,1,1
25,21,1185,567,41,11,1,1,1
26,21,1187,567,41,11,1,1,1
27,21,1188,568,41,11,1,1,1
28,21,1190,568,40,11,1,1,1
29,21,1192,569,39,11,1,1,1
30,21,1194,569,38,10,1,1,1
31,21,1196,570,37,10,1,1,1
32,21,1198,570,36,10,1,1,1
33,21,1199,570,36,10,1,1,1
34,21,1200,570,36,10,1,1,1
35,21,1202,570,36,10,1,1,1
36,21,1203,571,36,10,1,1,1
37,21,1204,571,36,10,1,1,1
38,21,1204,571,36,10,1,1,1
39,21,1205,571,36,10,1,1,1
40,21,1205,571,36,10,1,1,1
41,21,1205,571,36,10,1,1,1
42,21,1205,571,36,10,1,1,1
43,21,1204,571,36,10,1,1,1
44,21,1204,571,36,10,1,1,1
45,21,1203,571,36,10,1,1,1
46,21,1203,571,36,10,1,1,1
47,21,1202,571,36,10,1,1,1
48,21,1201,571,36,10,1,1,1
49,21,1200,571,36,10,1,1,1
50,21,1200,571,36,10,1,1,1
51,21,1198,571,36,10,1,1,1
13,26,1790,709,45,18,1,1,1
14,26,1790,710,46,18,1,1,1
15,26,1789,710,48,19,1,1,1
16,26,1789,712,46,18,1,1,1
17,26,1788,713,46,18,1,1,1
18,26,1787,711,55,22,1,1,1
19,26,1787,712,56,22,1,1,1
20,26,1786,712,58,23,1,1,1
21,26,1786,713,58,23,1,1,1
22,26,1786,716,56,22,1,1,1
23,26,1785,717,56,22,1,1,1
24,26,1785,718,56,22,1,1,1
25,26,1785,720,55,22,1,1,1
26,26,1784,722,56,22,1,1,1
27,26,1784,723,57,23,1,1,1
28,26,1784,725,57,23,1,1,1
29,26,1784,726,59,24,1,1,1
30,26,1784,728,59,24,1,1,1
31,26,1784,729,61,24,1,1,1
32,26,1784,730,61,25,1,1,1
33,26,1783,732,62,25,1,1,1
34,26,1783,733,63,25,1,1,1
35,26,1782,734,64,26,1,1,1
36,26,1782,736,64,26,1,1,1
37,26,1781,738,64,26,1,1,1
38,26,1780,739,65,26,1,1,1
39,26,1779,740,65,26,1,1,1
40,26,1777,741,66,27,1,1,1
41,26,1775,742,68,27,1,1,1
42,26,1773,744,68,27,1,1,1
43,26,1771,745,69,28,1,1,1
44,26,1769,746,69,28,1,1,1
45,26,1767,747,70,28,1,1,1
46,26,1764,749,70,28,1,1,1
47,26,1762,750,70,28,1,1,1
48,26,1759,751,71,28,1,1,1
49,26,1756,752,72,29,1,1,1
50,26,1752,753,74,30,1,1,1
51,26,1750,754,75,30,1,1,1
52,26,1748,756,74,30,1,1,1
53,26,1747,757,74,30,1,1,1
54,26,1746,758,73,29,1,1,1
55,26,1744,760,73,29,1,1,1
56,26,1732,764,52,32,1,1,1
57,26,1728,765,53,33,1,1,1
58,26,1724,767,54,33,1,1,1
59,26,1720,768,56,34,1,1,1
60,26,1717,770,57,35,1,1,1
61,26,1713,771,58,36,1,1,1
62,26,1709,773,59,36,1,1,1
63,26,1705,774,59,37,1,1,1
64,26,1701,776,61,38,1,1,1
65,26,1696,777,63,39,1,1,1
66,26,1692,778,64,39,1,1,1
67,26,1688,780,65,40,1,1,1
68,26,1683,781,66,41,1,1,1
69,26,1679,782,67,41,1,1,1
70,26,1675,784,68,42,1,1,1
71,26,1670,785,69,42,1,1,1
72,26,1666,787,69,43,1,1,1
73,26,1663,789,69,42,1,1,1
74,26,1657,790,71,43,1,1,1
75,26,1652,791,72,44,1,1,1
76,26,1647,793,73,45,1,1,1
77,26,1645,796,70,43,1,1,1
78,26,1637,796,75,46,1,1,1
79,26,1632,798,76,47,1,1,1
80,26,1627,800,77,47,1,1,1
81,26,1622,801,78,48,1,1,1
82,26,1616,802,81,50,1,1,1
83,26,1611,804,82,51,1,1,1
84,26,1606,805,83,51,1,1,1
85,26,1601,807,84,51,1,1,1
86,26,1596,808,84,52,1,1,1
87,26,1591,810,84,52,1,1,1
88,26,1585,811,85,52,1,1,1
89,26,1580,813,85,52,1,1,1
90,26,1574,814,86,53,1,1,1
91,26,1568,816,86,53,1,1,1
92,26,1562,817,87,53,1,1,1
93,26,1556,818,88,54,1,1,1
94,26,1550,820,88,54,1,1,1
95,26,1544,821,89,55,1,1,1
96,26,1538,822,89,55,1,1,1
97,26,1532,824,89,55,1,1,1
98,26,1526,825,89,55,1,1,1
99,26,1520,826,89,55,1,1,1
100,26,1514,827,90,55,1,1,1
101,26,1507,828,90,55,1,1,1
102,26,1501,829,91,56,1,1,1
103,26,1495,829,91,56,1,1,1
104,26,1488,831,90,55,1,1,1
105,26,1481,831,91,56,1,1,1
106,26,1474,832,91,56,1,1,1
107,26,1467,832,91,56,1,1,1
108,26,1460,833,91,56,1,1,1
109,26,1452,834,91,56,1,1,1
110,26,1445,834,90,55,1,1,1
111,26,1438,835,90,56,1,1,1
112,26,1431,835,90,56,1,1,1
113,26,1423,835,90,55,1,1,1
114,26,1416,836,89,55,1,1,1
115,26,1408,836,89,55,1,1,1
116,26,1401,836,89,55,1,1,1
117,26,1393,837,88,54,1,1,1
118,26,1386,837,87,54,1,1,1
119,26,1379,837,86,53,1,1,1
120,26,1372,837,85,52,1,1,1
121,26,1366,838,83,51,1,1,1
39,28,1832,747,44,21,1,1,1
40,28,1831,748,44,21,1,1,1
41,28,1830,749,44,21,1,1,1
42,28,1829,750,45,22,1,1,1
43,28,1827,751,46,22,1,1,1
44,28,1826,752,46,22,1,1,1
45,28,1823,753,48,23,1,1,1
46,28,1822,755,47,22,1,1,1
47,28,1820,756,47,22,1,1,1
48,28,1818,757,47,23,1,1,1
49,28,1815,758,47,23,1,1,1
50,28,1813,760,47,23,1,1,1
51,28,1811,761,47,22,1,1,1
52,28,1809,762,48,23,1,1,1
53,28,1807,764,49,23,1,1,1
54,28,1804,765,49,23,1,1,1
55,28,1802,766,49,24,1,1,1
56,28,1800,768,50,24,1,1,1
57,28,1798,769,50,24,1,1,1
58,28,1795,771,51,25,1,1,1
59,28,1793,772,51,25,1,1,1
60,28,1790,774,52,25,1,1,1
61,28,1789,775,52,25,1,1,1
62,28,1786,777,54,26,1,1,1
63,28,1784,778,54,26,1,1,1
64,28,1781,779,55,26,1,1,1
65,28,1779,781,55,26,1,1,1
66,28,1777,782,56,27,1,1,1
67,28,1774,784,57,27,1,1,1
68,28,1772,785,57,27,1,1,1
69,28,1771,787,57,27,1,1,1
70,28,1768,788,58,28,1,1,1
71,28,1766,790,59,28,1,1,1
72,28,1764,792,59,28,1,1,1
73,28,1761,793,60,29,1,1,1
74,28,1759,795,60,29,1,1,1
75,28,1757,797,61,29,1,1,1
76,28,1755,799,62,29,1,1,1
77,28,1752,800,63,30,1,1,1
78,28,1750,802,64,30,1,1,1
79,28,1747,804,64,31,1,1,1
80,28,1744,806,66,31,1,1,1
81,28,1742,808,67,32,1,1,1
82,28,1739,810,68,32,1,1,1
83,28,1737,812,68,33,1,1,1
84,28,1734,814,69,33,1,1,1
85,28,1731,815,71,34,1,1,1
86,28,1729,818,71,34,1,1,1
87,28,1726,820,71,34,1,1,1
88,28,1722,822,73,35,1,1,1
89,28,1718,823,74,35,1,1,1
90,28,1715,825,75,36,1,1,1
91,28,1711,827,77,37,1,1,1
92,28,1708,829,77,37,1,1,1
93,28,1703,831,79,38,1,1,1
94,28,1699,833,79,38,1,1,1
95,28,1695,835,80,38,1,1,1
96,28,1690,837,81,39,1,1,1
97,28,1686,839,82,39,1,1,1
98,28,1681,841,82,39,1,1,1
99,28,1676,842,83,40,1,1,1
100,28,1671,844,84,40,1,1,1
101,28,1666,846,85,41,1,1,1
102,28,1661,847,86,41,1,1,1
103,28,1656,849,86,41,1,1,1
104,28,1651,850,87,41,1,1,1
105,28,1646,852,87,41,1,1,1
106,28,1641,853,87,42,1,1,1
107,28,1635,854,88,42,1,1,1
108,28,1629,855,89,43,1,1,1
109,28,1623,857,90,43,1,1,1
110,28,1617,858,90,43,1,1,1
111,28,1611,859,91,43,1,1,1
112,28,1604,860,91,43,1,1,1
113,28,1598,861,91,43,1,1,1
114,28,1592,862,91,43,1,1,1
115,28,1586,863,91,43,1,1,1
116,28,1580,865,89,43,1,1,1
117,28,1574,866,89,43,1,1,1
118,28,1567,866,89,43,1,1,1
119,28,1560,867,90,43,1,1,1
120,28,1554,867,91,43,1,1,1
121,28,1548,868,91,43,1,1,1
47,29,1853,746,49,19,1,1,1
48,29,1851,747,51,20,1,1,1
49,29,1850,748,51,20,1,1,1
50,29,1850,749,51,20,1,1,1
51,29,1850,750,49,19,1,1,1
52,29,1849,751,49,19,1,1,1
53,29,1848,752,49,19,1,1,1
54,29,1848,753,48,19,1,1,1
55,29,1846,754,50,19,1,1,1
56,29,1845,755,50,20,1,1,1
57,29,1845,757,50,20,1,1,1
58,29,1844,758,50,20,1,1,1
59,29,1843,759,51,20,1,1,1
60,29,1843,760,51,20,1,1,1
61,29,1842,762,51,20,1,1,1
62,29,1842,763,51,20,1,1,1
63,29,1842,764,50,19,1,1,1
64,29,1841,766,51,20,1,1,1
65,29,1841,767,51,20,1,1,1
66,29,1841,768,51,20,1,1,1
67,29,1841,770,51,20,1,1,1
68,29,1841,771,51,20,1,1,1
69,29,1841,772,50,19,1,1,1
70,29,1841,774,50,20,1,1,1
71,29,1841,775,50,19,1,1,1
72,29,1841,777,49,19,1,1,1
73,29,1841,779,50,19,1,1,1
74,29,1842,781,50,19,1,1,1
75,29,1842,782,50,19,1,1,1
76,29,1842,784,50,19,1,1,1
77,29,1842,786,50,19,1,1,1
78,29,1843,788,51,20,1,1,1
79,29,1843,790,51,20,1,1,1
80,29,1844,792,51,20,1,1,1
81,29,1844,794,52,20,1,1,1
82,29,1844,796,53,20,1,1,1
83,29,1845,798,52,20,1,1,1
84,29,1846,800,52,20,1,1,1
85,29,1847,802,53,21,1,1,1
86,29,1847,804,54,21,1,1,1
87,29,1847,806,55,21,1,1,1
88,29,1848,808,56,22,1,1,1
89,29,1847,811,57,22,1,1,1
90,29,1848,813,57,22,1,1,1
91,29,1849,815,57,22,1,1,1
92,29,1848,818,58,23,1,1,1
93,29,1848,820,58,23,1,1,1
94,29,1848,823,59,23,1,1,1
95,29,1848,825,59,23,1,1,1
96,29,1848,828,60,23,1,1,1
97,29,1848,830,60,23,1,1,1
98,29,1848,833,60,23,1,1,1
99,29,1847,835,61,24,1,1,1
100,29,1847,838,61,24,1,1,1
101,29,1846,841,62,24,1,1,1
102,29,1845,843,63,24,1,1,1
103,29,1844,846,64,25,1,1,1
104,29,1843,849,64,25,1,1,1
105,29,1842,851,65,25,1,1,1
106,29,1840,854,66,25,1,1,1
107,29,1839,857,66,26,1,1,1
108,29,1836,859,67,26,1,1,1
109,29,1834,862,69,27,1,1,1
110,29,1832,865,70,27,1,1,1
111,29,1829,867,71,28,1,1,1
112,29,1825,870,73,28,1,1,1
113,29,1822,872,75,29,1,1,1
114,29,1818,875,76,29,1,1,1
115,29,1814,878,77,30,1,1,1
116,29,1810,880,79,31,1,1,1
117,29,1806,883,79,31,1,1,1
118,29,1802,885,81,31,1,1,1
119,29,1797,887,81,32,1,1,1
120,29,1792,889,82,32,1,1,1
121,29,1787,892,84,33,1,1,1
33,33,1172,642,29,17,1,1,1
34,33,1172,642,29,17,1,1,1
35,33,1171,642,29,17,1,1,1
36,33,1171,642,29,17,1,1,1
37,33,1170,642,28,17,1,1,1
38,33,1170,642,28,17,1,1,1
39,33,1169,643,28,16,1,1,1
40,33,1168,643,28,16,1,1,1
41,33,1167,642,28,16,1,1,1
42,33,1166,642,28,16,1,1,1
43,33,1165,642,28,17,1,1,1
44,33,1165,642,29,17,1,1,1
45,33,1177,652,22,13,1,1,1
46,33,1176,652,23,13,1,1,1
47,33,1174,652,23,13,1,1,1
48,33,1172,653,22,13,1,1,1
49,33,1171,653,22,13,1,1,1
50,33,1169,653,21,12,1,1,1
51,33,1166,654,22,13,1,1,1
52,33,1164,654,21,12,1,1,1
53,33,1162,654,22,13,1,1,1
54,33,1160,654,22,13,1,1,1
55,33,1159,655,21,12,1,1,1
56,33,1157,655,22,13,1,1,1
57,33,1155,655,22,13,1,1,1
58,33,1155,656,22,13,1,1,1
59,33,1153,656,23,14,1,1,1
60,33,1152,657,24,14,1,1,1
61,33,1150,657,24,14,1,1,1
62,33,1149,657,24,14,1,1,1
63,33,1147,657,26,15,1,1,1
64,33,1146,657,27,16,1,1,1
65,33,1144,657,28,16,1,1,1
66,33,1142,657,30,18,1,1,1
67,33,1140,657,32,19,1,1,1
68,33,1138,657,34,20,1,1,1
69,33,1135,657,38,22,1,1,1
70,33,1133,657,40,24,1,1,1
71,33,1131,657,41,24,1,1,1
72,33,1130,657,43,25,1,1,1
73,33,1129,657,44,26,1,1,1
74,33,1127,657,45,27,1,1,1
75,33,1126,658,46,27,1,1,1
76,33,1125,658,47,27,1,1,1
77,33,1124,658,48,28,1,1,1
78,33,1123,659,48,28,1,1,1
79,33,1123,659,48,28,1,1,1
80,33,1122,660,48,28,1,1,1
81,33,1121,660,48,28,1,1,1
82,33,1121,661,48,28,1,1,1
83,33,1120,662,49,28,1,1,1
84,33,1119,662,49,29,1,1,1
85,33,1118,663,49,29,1,1,1
86,33,1117,663,49,29,1,1,1
87,33,1116,664,49,29,1,1,1
88,33,1115,664,49,28,1,1,1
89,33,1114,664,49,29,1,1,1
90,33,1111,664,51,30,1,1,1
91,33,1109,665,50,29,1,1,1
92,33,1108,665,49,29,1,1,1
93,33,1106,666,49,28,1,1,1
94,33,1105,666,48,28,1,1,1
95,33,1103,666,48,28,1,1,1
96,33,1102,667,46,27,1,1,1
97,33,1101,667,45,27,1,1,1
98,33,1099,668,45,26,1,1,1
99,33,1097,667,45,26,1,1,1
100,33,1096,668,44,26,1,1,1
101,33,1095,668,42,25,1,1,1
102,33,1093,668,42,24,1,1,1
103,33,1092,668,40,24,1,1,1
104,33,1091,669,40,23,1,1,1
105,33,1089,668,40,23,1,1,1
106,33,1088,668,39,23,1,1,1
107,33,1086,668,39,23,1,1,1
108,33,1084,668,39,23,1,1,1
109,33,1082,668,38,22,1,1,1
110,33,1081,668,37,22,1,1,1
111,33,1079,668,36,21,1,1,1
112,33,1077,667,36,21,1,1,1
113,33,1074,667,36,21,1,1,1
114,33,1072,667,37,21,1,1,1
115,33,1069,666,36,21,1,1,1
116,33,1067,667,35,21,1,1,1
117,33,1065,666,34,20,1,1,1
118,33,1063,666,34,20,1,1,1
119,33,1060,665,34,20,1,1,1
120,33,1057,664,34,20,1,1,1
121,33,1054,664,34,20,1,1,1
0,34,292,388,42,26,1,1,1
1,34,291,388,42,26,1,1,1
2,34,290,387,43,26,1,1,1
3,34,289,387,43,26,1,1,1
4,34,288,386,43,27,1,1,1
5,34,287,386,43,27,1,1,1
6,34,287,386,43,26,1,1,1
7,34,285,385,43,27,1,1,1
8,34,285,385,42,26,1,1,1
9,34,285,385,42,26,1,1,1
10,34,282,384,44,27,1,1,1
11,34,280,384,44,27,1,1,1
12,34,279,384,44,27,1,1,1
13,34,281,384,42,26,1,1,1
14,34,275,383,46,28,1,1,1
15,34,278,384,41,26,1,1,1
16,34,277,383,42,26,1,1,1
17,34,276,383,41,26,1,1,1
18,34,275,383,41,25,1,1,1
19,34,274,383,41,25,1,1,1
20,34,273,382,41,26,1,1,1
21,34,264,380,48,29,1,1,1
22,34,263,380,48,29,1,1,1
23,34,262,380,48,29,1,1,1
24,34,260,380,48,30,1,1,1
25,34,259,379,48,30,1,1,1
26,34,258,379,49,30,1,1,1
27,34,258,379,49,30,1,1,1
28,34,257,379,49,30,1,1,1
29,34,256,379,49,30,1,1,1
30,34,255,378,50,31,1,1,1
31,34,255,378,49,31,1,1,1
32,34,254,378,50,31,1,1,1
33,34,253,377,50,31,1,1,1
34,34,253,377,51,31,1,1,1
35,34,252,376,50,31,1,1,1
36,34,251,376,51,31,1,1,1
37,34,249,375,51,32,1,1,1
38,34,248,375,51,31,1,1,1
39,34,246,375,51,31,1,1,1
40,34,245,374,51,31,1,1,1
41,34,243,374,51,31,1,1,1
42,34,240,373,51,32,1,1,1
43,34,237,373,52,32,1,1,1
44,34,235,372,52,32,1,1,1
45,34,232,372,52,32,1,1,1
46,34,229,372,53,33,1,1,1
47,34,227,371,53,33,1,1,1
48,34,224,371,53,33,1,1,1
49,34,221,371,53,33,1,1,1
50,34,218,370,53,33,1,1,1
51,34,215,370,53,33,1,1,1
52,34,213,370,54,33,1,1,1
53,34,210,370,54,33,1,1,1
54,34,207,369,54,33,1,1,1
55,34,205,369,54,33,1,1,1
56,34,202,369,54,33,1,1,1
57,34,199,369,54,34,1,1,1
58,34,197,368,54,34,1,1,1
59,34,195,368,55,34,1,1,1
60,34,192,368,55,34,1,1,1
61,34,190,367,55,34,1,1,1
62,34,188,367,55,34,1,1,1
63,34,186,367,55,34,1,1,1
64,34,184,366,55,34,1,1,1
65,34,182,366,56,34,1,1,1
66,34,180,366,56,34,1,1,1
67,34,178,366,56,35,1,1,1
68,34,177,365,57,35,1,1,1
69,34,175,365,56,35,1,1,1
70,34,174,365,56,34,1,1,1
71,34,172,364,57,35,1,1,1
72,34,171,364,56,35,1,1,1
73,34,169,364,57,35,1,1,1
74,34,168,363,57,35,1,1,1
75,34,167,363,58,36,1,1,1
76,34,165,362,58,36,1,1,1
77,34,164,362,58,36,1,1,1
78,34,163,362,58,36,1,1,1
79,34,163,361,58,36,1,1,1
80,34,162,361,58,36,1,1,1
81,34,162,360,58,36,1,1,1
82,34,161,360,58,36,1,1,1
83,34,161,359,59,36,1,1,1
84,34,161,359,59,36,1,1,1
85,34,161,359,58,36,1,1,1
86,34,161,358,58,36,1,1,1
87,34,161,358,59,36,1,1,1
88,34,161,357,59,36,1,1,1
89,34,161,357,59,36,1,1,1
90,34,160,356,60,37,1,1,1
91,34,160,355,61,38,1,1,1
92,34,160,355,61,38,1,1,1
93,34,160,354,61,38,1,1,1
94,34,160,354,61,38,1,1,1
95,34,160,354,60,37,1,1,1
96,34,161,353,61,38,1,1,1
97,34,160,352,62,38,1,1,1
98,34,161,353,59,36,1,1,1
99,34,161,353,56,35,1,1,1
100,34,160,351,62,38,1,1,1
101,34,161,351,61,38,1,1,1
102,34,161,351,56,35,1,1,1
103,34,160,349,63,39,1,1,1
104,34,160,349,62,39,1,1,1
105,34,159,348,63,39,1,1,1
106,34,160,347,63,39,1,1,1
107,34,159,347,63,39,1,1,1
108,34,159,346,64,40,1,1,1
109,34,158,345,64,40,1,1,1
110,34,158,345,64,40,1,1,1
111,34,157,345,64,40,1,1,1
112,34,156,344,64,40,1,1,1
113,34,155,343,64,40,1,1,1
114,34,154,343,64,40,1,1,1
115,34,153,343,64,40,1,1,1
116,34,151,342,65,40,1,1,1
117,34,150,342,65,40,1,1,1
118,34,149,341,63,39,1,1,1
119,34,147,341,66,41,1,1,1
120,34,146,340,65,40,1,1,1
121,34,144,340,66,41,1,1,1
0,35,341,388,55,27,1,1,1
1,35,340,388,55,27,1,1,1
2,35,339,387,55,27,1,1,1
3,35,339,387,55,27,1,1,1
4,35,338,387,55,27,1,1,1
5,35,337,387,55,27,1,1,1
6,35,336,386,55,27,1,1,1
7,35,335,386,55,27,1,1,1
8,35,334,386,55,27,1,1,1
9,35,333,385,55,27,1,1,1
10,35,332,385,55,27,1,1,1
11,35,331,385,55,27,1,1,1
12,35,330,385,55,27,1,1,1
13,35,329,384,55,27,1,1,1
14,35,327,384,55,27,1,1,1
15,35,326,384,55,27,1,1,1
16,35,325,384,55,27,1,1,1
17,35,324,383,55,27,1,1,1
18,35,322,383,56,27,1,1,1
19,35,321,383,56,27,1,1,1
20,35,320,382,56,27,1,1,1
21,35,319,382,56,27,1,1,1
22,35,318,382,56,27,1,1,1
23,35,317,382,56,27,1,1,1
24,35,316,382,56,27,1,1,1
25,35,315,382,56,27,1,1,1
26,35,314,381,56,27,1,1,1
27,35,314,381,56,27,1,1,1
28,35,313,381,56,27,1,1,1
29,35,312,381,56,27,1,1,1
30,35,312,381,56,27,1,1,1
31,35,311,381,56,27,1,1,1
32,35,311,380,56,27,1,1,1
33,35,311,380,56,27,1,1,1
34,35,310,380,56,27,1,1,1
35,35,309,379,56,27,1,1,1
36,35,308,379,56,27,1,1,1
37,35,307,379,56,28,1,1,1
38,35,306,378,56,27,1,1,1
39,35,304,378,56,28,1,1,1
40,35,302,377,56,28,1,1,1
41,35,300,377,56,28,1,1,1
42,35,298,376,56,28,1,1,1
43,35,296,376,56,28,1,1,1
44,35,294,376,56,27,1,1,1
45,35,291,376,57,28,1,1,1
46,35,288,375,57,28,1,1,1
47,35,286,375,57,28,1,1,1
48,35,283,375,56,28,1,1,1
49,35,281,374,56,28,1,1,1
50,35,278,374,56,28,1,1,1
51,35,275,374,56,28,1,1,1
52,35,272,374,57,28,1,1,1
53,35,269,373,58,29,1,1,1
54,35,267,373,57,28,1,1,1
55,35,264,373,57,28,1,1,1
56,35,262,373,57,28,1,1,1
57,35,258,372,58,29,1,1,1
58,35,256,372,59,29,1,1,1
59,35,253,372,59,29,1,1,1
60,35,252,372,57,28,1,1,1
61,35,249,371,59,29,1,1,1
62,35,247,371,59,29,1,1,1
63,35,246,371,57,28,1,1,1
64,35,243,371,58,28,1,1,1
65,35,242,371,57,28,1,1,1
66,35,239,370,58,29,1,1,1
67,35,239,370,57,28,1,1,1
68,35,236,370,58,28,1,1,1
69,35,235,370,57,28,1,1,1
70,35,233,369,57,28,1,1,1
71,35,231,369,58,29,1,1,1
72,35,229,369,58,28,1,1,1
73,35,229,368,57,28,1,1,1
74,35,228,368,57,28,1,1,1
75,35,226,368,57,28,1,1,1
76,35,224,367,60,29,1,1,1
77,35,223,366,60,29,1,1,1
78,35,223,367,57,28,1,1,1
79,35,221,366,60,29,1,1,1
80,35,221,366,59,29,1,1,1
81,35,220,365,60,30,1,1,1
82,35,221,365,57,28,1,1,1
83,35,219,364,59,29,1,1,1
84,35,218,364,59,29,1,1,1
85,35,218,364,59,29,1,1,1
86,35,218,363,59,29,1,1,1
87,35,218,363,59,29,1,1,1
88,35,217,363,59,29,1,1,1
89,35,217,362,59,29,1,1,1
90,35,217,362,59,29,1,1,1
91,35,216,360,62,30,1,1,1
92,35,216,360,61,30,1,1,1
93,35,215,359,62,30,1,1,1
94,35,215,359,61,30,1,1,1
95,35,215,359,61,30,1,1,1
96,35,215,358,61,30,1,1,1
97,35,215,358,61,30,1,1,1
98,35,215,357,61,30,1,1,1
99,35,215,357,62,30,1,1,1
100,35,215,356,61,30,1,1,1
101,35,214,356,61,30,1,1,1
102,35,214,355,62,30,1,1,1
103,35,214,355,62,30,1,1,1
104,35,213,354,62,30,1,1,1
105,35,213,354,62,30,1,1,1
106,35,212,353,62,31,1,1,1
107,35,212,353,62,30,1,1,1
108,35,211,352,62,31,1,1,1
109,35,211,352,62,30,1,1,1
110,35,210,351,62,31,1,1,1
111,35,208,351,63,31,1,1,1
112,35,207,350,62,31,1,1,1
113,35,206,350,62,30,1,1,1
114,35,205,349,62,30,1,1,1
115,35,203,349,62,31,1,1,1
116,35,202,349,62,30,1,1,1
117,35,201,348,62,30,1,1,1
118,35,199,348,62,30,1,1,1
119,35,197,347,62,30,1,1,1
120,35,195,347,62,31,1,1,1
121,35,194,347,62,30,1,1,1
0,36,497,412,45,24,1,1,1
1,36,496,412,45,24,1,1,1
2,36,496,412,45,24,1,1,1
3,36,495,411,45,24,1,1,1
4,36,494,411,45,24,1,1,1
5,36,493,411,45,24,1,1,1
6,36,493,410,45,24,1,1,1
7,36,492,410,45,24,1,1,1
8,36,491,410,45,24,1,1,1
9,36,490,410,46,24,1,1,1
10,36,489,409,46,24,1,1,1
11,36,488,409,46,24,1,1,1
12,36,487,409,46,24,1,1,1
13,36,486,409,46,24,1,1,1
14,36,485,408,45,24,1,1,1
15,36,484,408,46,24,1,1,1
16,36,483,408,46,24,1,1,1
17,36,481,408,46,25,1,1,1
18,36,480,407,46,24,1,1,1
19,36,479,407,46,24,1,1,1
20,36,478,407,46,25,1,1,1
21,36,477,407,46,25,1,1,1
22,36,476,407,46,25,1,1,1
23,36,475,406,46,25,1,1,1
24,36,474,406,46,25,1,1,1
25,36,473,406,46,25,1,1,1
26,36,473,406,46,25,1,1,1
27,36,472,406,46,25,1,1,1
28,36,471,406,47,25,1,1,1
29,36,471,406,47,25,1,1,1
30,36,471,406,47,25,1,1,1
31,36,470,405,47,25,1,1,1
32,36,470,405,47,25,1,1,1
33,36,469,405,47,25,1,1,1
34,36,469,405,47,25,1,1,1
35,36,468,404,47,25,1,1,1
36,36,467,404,47,25,1,1,1
37,36,466,404,47,25,1,1,1
38,36,465,403,47,25,1,1,1
39,36,464,403,47,25,1,1,1
40,36,462,403,47,25,1,1,1
41,36,460,402,48,25,1,1,1
42,36,459,402,47,25,1,1,1
43,36,457,402,47,25,1,1,1
44,36,454,401,48,25,1,1,1
45,36,452,401,48,25,1,1,1
46,36,450,401,48,25,1,1,1
47,36,446,400,49,26,1,1,1
48,36,445,400,47,25,1,1,1
49,36,442,400,48,26,1,1,1
50,36,439,400,48,26,1,1,1
51,36,437,399,48,26,1,1,1
52,36,434,399,48,26,1,1,1
53,36,432,399,48,26,1,1,1
54,36,429,399,48,26,1,1,1
55,36,427,399,48,26,1,1,1
56,36,425,398,48,26,1,1,1
57,36,422,398,48,26,1,1,1
58,36,420,398,49,26,1,1,1
59,36,418,398,48,26,1,1,1
60,36,416,398,48,26,1,1,1
61,36,414,397,49,26,1,1,1
62,36,412,397,48,26,1,1,1
63,36,410,397,49,26,1,1,1
64,36,408,397,49,26,1,1,1
65,36,406,397,48,26,1,1,1
66,36,405,396,49,26,1,1,1
67,36,403,396,49,26,1,1,1
68,36,401,396,49,26,1,1,1
69,36,400,395,50,27,1,1,1
70,36,398,395,50,27,1,1,1
71,36,397,395,50,27,1,1,1
72,36,396,395,50,27,1,1,1
73,36,394,394,50,27,1,1,1
74,36,393,394,50,27,1,1,1
75,36,392,394,50,27,1,1,1
76,36,391,393,50,27,1,1,1
77,36,390,393,51,27,1,1,1
78,36,389,393,50,27,1,1,1
79,36,388,392,51,27,1,1,1
80,36,388,392,51,27,1,1,1
81,36,387,392,51,27,1,1,1
82,36,387,391,51,27,1,1,1
83,36,386,391,51,27,1,1,1
84,36,386,390,51,27,1,1,1
85,36,386,390,51,27,1,1,1
86,36,385,390,51,27,1,1,1
87,36,385,389,51,27,1,1,1
88,36,385,389,51,27,1,1,1
89,36,385,389,51,27,1,1,1
90,36,385,388,51,27,1,1,1
91,36,385,388,51,27,1,1,1
92,36,385,388,51,27,1,1,1
93,36,385,387,51,27,1,1,1
94,36,384,387,51,27,1,1,1
95,36,384,386,52,27,1,1,1
96,36,384,386,51,27,1,1,1
97,36,384,385,52,28,1,1,1
98,36,384,385,51,27,1,1,1
99,36,384,385,51,27,1,1,1
100,36,384,384,52,27,1,1,1
101,36,384,384,52,28,1,1,1
102,36,384,384,51,27,1,1,1
103,36,383,383,52,28,1,1,1
104,36,383,383,52,28,1,1,1
105,36,383,382,52,28,1,1,1
106,36,383,382,52,28,1,1,1
107,36,382,381,52,28,1,1,1
108,36,381,381,52,28,1,1,1
109,36,381,380,52,28,1,1,1
110,36,380,380,52,28,1,1,1
111,36,379,380,52,28,1,1,1
112,36,378,379,52,28,1,1,1
113,36,377,379,53,28,1,1,1
114,36,376,378,53,28,1,1,1
115,36,374,378,52,28,1,1,1
116,36,373,378,52,28,1,1,1
117,36,372,377,53,28,1,1,1
118,36,370,377,53,28,1,1,1
119,36,369,377,53,28,1,1,1
120,36,368,376,53,28,1,1,1
121,36,366,375,54,29,1,1,1
0,37,551,434,49,28,1,1,1
1,37,550,434,49,28,1,1,1
2,37,550,434,49,28,1,1,1
3,37,549,433,49,28,1,1,1
4,37,548,433,49,28,1,1,1
5,37,547,433,49,28,1,1,1
6,37,547,433,49,28,1,1,1
7,37,546,433,49,28,1,1,1
8,37,545,432,49,28,1,1,1
9,37,544,432,50,28,1,1,1
10,37,543,432,50,28,1,1,1
11,37,542,432,50,28,1,1,1
12,37,541,432,50,28,1,1,1
13,37,540,431,50,28,1,1,1
14,37,539,431,50,28,1,1,1
15,37,538,431,49,28,1,1,1
16,37,537,431,50,28,1,1,1
17,37,536,431,50,29,1,1,1
18,37,535,430,50,29,1,1,1
19,37,534,430,50,29,1,1,1
20,37,533,430,50,29,1,1,1
21,37,532,430,50,28,1,1,1
22,37,530,430,50,29,1,1,1
23,37,529,430,50,29,1,1,1
24,37,529,430,50,29,1,1,1
25,37,528,430,50,29,1,1,1
26,37,527,429,50,29,1,1,1
27,37,527,429,50,29,1,1,1
28,37,526,429,50,29,1,1,1
29,37,526,429,50,29,1,1,1
30,37,525,429,50,29,1,1,1
31,37,525,429,50,29,1,1,1
32,37,524,429,51,29,1,1,1
33,37,524,429,51,29,1,1,1
34,37,523,428,51,29,1,1,1
35,37,523,428,51,29,1,1,1
36,37,522,428,51,29,1,1,1
37,37,521,428,51,29,1,1,1
38,37,520,427,51,29,1,1,1
39,37,518,427,51,29,1,1,1
40,37,517,427,51,29,1,1,1
41,37,515,426,51,29,1,1,1
42,37,513,426,51,29,1,1,1
43,37,511,426,51,29,1,1,1
44,37,509,426,51,29,1,1,1
45,37,507,425,51,29,1,1,1
46,37,504,425,51,29,1,1,1
47,37,502,425,51,29,1,1,1
48,37,500,425,51,29,1,1,1
49,37,497,425,51,29,1,1,1
50,37,495,424,51,29,1,1,1
51,37,492,424,52,30,1,1,1
52,37,489,424,52,30,1,1,1
53,37,487,424,52,30,1,1,1
54,37,485,424,52,30,1,1,1
55,37,482,423,52,30,1,1,1
56,37,480,423,52,30,1,1,1
57,37,478,423,52,30,1,1,1
58,37,476,423,52,30,1,1,1
59,37,473,423,52,30,1,1,1
60,37,471,423,52,30,1,1,1
61,37,469,423,52,30,1,1,1
62,37,467,422,53,30,1,1,1
63,37,466,422,53,30,1,1,1
64,37,464,422,53,30,1,1,1
65,37,462,422,53,30,1,1,1
66,37,461,422,53,30,1,1,1
67,37,459,421,53,30,1,1,1
68,37,457,421,53,31,1,1,1
69,37,456,421,53,31,1,1,1
70,37,454,421,53,31,1,1,1
71,37,453,421,53,30,1,1,1
72,37,452,421,53,30,1,1,1
73,37,450,420,53,30,1,1,1
74,37,449,420,53,31,1,1,1
75,37,448,420,54,31,1,1,1
76,37,447,419,54,31,1,1,1
77,37,446,419,54,31,1,1,1
78,37,445,419,54,31,1,1,1
79,37,444,419,54,31,1,1,1
80,37,444,418,54,31,1,1,1
81,37,443,418,54,31,1,1,1
82,37,443,418,54,31,1,1,1
83,37,442,418,54,31,1,1,1
84,37,442,417,54,31,1,1,1
85,37,442,417,54,31,1,1,1
86,37,442,417,54,31,1,1,1
87,37,441,416,54,31,1,1,1
88,37,441,416,54,31,1,1,1
89,37,441,416,54,31,1,1,1
90,37,441,415,55,31,1,1,1
91,37,441,415,55,31,1,1,1
92,37,441,415,55,31,1,1,1
93,37,441,414,55,31,1,1,1
94,37,440,414,55,31,1,1,1
95,37,440,414,55,31,1,1,1
96,37,440,413,55,31,1,1,1
97,37,440,413,55,31,1,1,1
98,37,440,413,55,31,1,1,1
99,37,440,412,55,31,1,1,1
100,37,440,412,55,32,1,1,1
101,37,440,412,55,32,1,1,1
102,37,440,411,55,32,1,1,1
103,37,439,411,55,31,1,1,1
104,37,439,411,55,31,1,1,1
105,37,439,410,56,32,1,1,1
106,37,438,410,56,32,1,1,1
107,37,438,410,56,32,1,1,1
108,37,437,409,55,32,1,1,1
109,37,437,409,55,32,1,1,1
110,37,436,408,56,32,1,1,1
111,37,435,408,55,31,1,1,1
112,37,434,408,56,32,1,1,1
113,37,433,407,56,32,1,1,1
114,37,432,407,56,32,1,1,1
115,37,431,407,55,31,1,1,1
116,37,429,406,56,32,1,1,1
117,37,428,406,56,32,1,1,1
118,37,426,406,55,32,1,1,1
119,37,425,406,56,32,1,1,1
120,37,423,405,56,32,1,1,1
121,37,422,405,55,32,1,1,1